a 1.1 (21), 1.2 (13), 1.3 (16), 1.4 (12), 1.5 (1), 2.1 (40), 2.2 (8), 2.3 (49), 2.4 (22), 2.5 (2), 3.1 (15), 3.2 (8), 3.3 (23), 3.4 (9), 3.5 (2), 4.1 (39),
4.2 (60), 4.3 (21), 4.4 (30), 4.5 (5) a.m. 1.3 (11), 4.4 (1)
able 4.4 (7)
address 3.2 (11)
adult 2.3 (1)
adults 3.1 (1)
after 1.4 (2), 4.1 (3), 4.4 (3) afternoon 1.3 (1), 3.4 (2), 4.3 (1), 4.4 (1),
4.5 (2)
ahead 1.2 (5), 3.1 (1)
airplane 1.3 (6), 2.4 (1), 3.3 (1)
airport 1.3 (5), 2.2 (1), 2.4 (2), 3.1 (2) all 4.2 (2)
am 2.3 (1)
an 1.3 (4), 1.4 (1), 2.1 (9), 2.2 (2),
2.3 (17), 3.1 (2), 3.2 (8), 4.2 (4),
4.4 (6), 4.5 (2)
ancient 4.2 (4), 4.5 (1)
and 1.2 (3), 1.3 (1), 1.4 (1), 2.1 (2), 2.2 (2), 3.3 (4), 3.4 (1), 4.1 (2),
4.2 (6), 4.3 (1), 4.4 (3), 4.5 (1) angry 4.3 (5)
animal 1.1 (6), 4.1 (1), 4.2 (1), 4.3 (1) animals 3.3 (1), 4.1 (2)
answering 4.1 (6)
any 4.1 (6)
apartment 2.3 (1)
apple 2.1 (3), 2.2 (1), 2.4 (1)
apples 2.4 (3), 3.3 (1)
April 3.1 (3), 3.2 (1), 3.4 (1)
are 1.1 (25), 1.2 (8), 1.3 (6), 1.4 (7),
1.5 (1), 2.1 (7), 2.2 (5), 2.3 (9), 2.5 (3), 3.1 (20), 3.2 (7), 3.3 (18), 3.4 (9), 3.5 (6), 4.1 (4), 4.2 (10), 4.3 (11), 4.4 (17), 4.5 (2)
arrive 1.3 (6)
arrives 1.3 (13)
arriving 3.1 (5), 4.3 (2)
art 2.2 (4), 2.3 (4), 2.4 (2), 4.2 (2) asking 4.1 (6)
at 1.1 (27), 1.2 (14), 1.3 (30), 1.4 (5),
2.1 (5), 2.2 (2), 2.3 (9), 2.4 (14), 3.1 (13), 3.2 (11), 3.3 (5), 3.4 (9), 3.5 (1), 4.1 (6), 4.2 (6), 4.3 (13), 4.4 (2)
ate 2.1 (5), 2.2 (7), 2.4 (4), 3.3 (1), 3.4 (2), 4.3 (1)
August 3.1 (4)
Australia 2.5 (1), 3.1 (1), 4.2 (1)
baby 1.4 (1), 2.3 (1), 2.4 (1), 4.1 (1),
4.3 (1) bad 3.4 (8) badly 3.4 (7)
bakery 2.3 (1)
ball 2.1 (2), 3.1 (1), 3.3 (4), 4.1 (3),
4.2 (2), 4.4 (1) band 4.2 (12), 4.3 (2)
bank 1.1 (5), 1.2 (2), 2.2 (4), 4.1 (1) Barcelona 1.4 (1), 2.1 (2), 3.2 (2), 4.2 (1) be 1.4 (7), 2.1 (1), 2.3 (3), 3.2 (1),
3.3 (4), 4.1 (8), 4.2 (1), 4.3 (11),
4.4 (11)
beach 1.4 (6), 2.1 (1), 2.2 (4), 2.3 (2),
2.4 (4), 2.5 (2), 3.1 (2), 3.2 (1), 3.3 (2), 3.4 (2), 4.2 (1), 4.3 (1), 4.4 (2), 4.5 (2)
beans 4.1 (5)
because 1.4 (5), 4.3 (10), 4.4 (2)
bed 3.1 (2), 3.2 (1)
beef 4.1 (6)
before 3.3 (1)
begin 3.1 (1), 4.1 (1)
beginning 3.1 (6)
begins 3.1 (5), 3.3 (1)
behind 1.1 (9)
Beijing 2.4 (1), 3.1 (1)
Bernard 3.5 (1)
beside 1.1 (8), 1.2 (1), 1.3 (4), 2.2 (2),
4.1 (1), 4.2 (2), 4.4 (4) best 3.4 (3)
Bethany 4.3 (1)
better 3.4 (3)
bicycle 1.1 (3), 2.1 (2), 2.3 (1), 2.4 (1),
3.1 (3), 3.2 (1), 3.3 (2), 4.4 (11) bicycles 2.3 (1), 4.4 (4)
big 4.1 (7)
biggest 4.2 (1)
birthday 3.2 (1), 3.3 (7), 3.4 (2), 4.3 (2) black 1.2 (1), 1.3 (1), 1.5 (2), 2.4 (1),
3.4 (2), 4.4 (1) blanket 3.2 (1)
blankets 3.1 (1)
blond 1.2 (1), 2.3 (2)
blue 1.1 (1), 1.2 (1), 1.3 (1), 2.2 (1) book 1.4 (2), 2.1 (14), 2.2 (3), 2.4 (2),
3.1 (1), 3.2 (2), 3.4 (3) books 2.1 (3), 3.1 (2)
bookstore 1.1 (3), 2.2 (1), 2.4 (1), 3.1 (1) bookstores 3.3 (1)
bought 2.1 (13), 2.2 (5), 2.4 (11), 4.5 (1) bowl 3.2 (1), 4.1 (1)
boy 1.1 (2), 2.2 (3), 2.3 (1), 2.4 (3), 3.2 (2), 4.1 (2), 4.2 (1), 4.3 (3)
boys 1.4 (1), 3.1 (2), 3.2 (1) Brazil 2.3 (1), 3.1 (1), 4.2 (1) bread 4.1 (2)
breakfast 2.2 (4), 3.1 (1), 4.1 (1) bridge 4.2 (2)
bring 3.1 (2), 3.3 (4), 3.5 (2), 4.4 (2) bringing 3.1 (9), 4.1 (2)
38
brother 2.1 (3)
brought 3.3 (4)
building 4.2 (11)
bus 1.2 (19), 1.3 (9), 1.4 (2), 2.1 (1),
2.3 (2)
busy 3.4 (11), 3.5 (2), 4.1 (2)
but 1.4 (3), 2.1 (1), 2.3 (6), 3.2 (1), 3.3 (1), 3.4 (1)
butter 4.1 (5)
buy 1.1 (1), 1.3 (1), 2.1 (5), 2.4 (3),
4.1 (3), 4.4 (2), 4.5 (1)
buying 1.1 (3), 1.3 (1), 1.4 (4), 2.1 (3),
2.2 (2)
cafe 1.1 (7), 1.3 (2), 3.2 (1), 3.4 (3),
4.1 (2), 4.2 (2), 4.4 (1)
cake 2.2 (1), 2.4 (2), 3.1 (2), 3.3 (2),
4.1 (1)
call 3.2 (3), 4.1 (2)
calling 3.2 (10)
camera 1.3 (2), 3.2 (1)
camp 4.4 (3)
camping 4.4 (5)
can 1.4 (15), 2.2 (5), 2.4 (4), 2.5 (1),
3.1 (8), 3.3 (7), 3.4 (12), 3.5 (1),
4.1 (6), 4.3 (11), 4.4 (3), 4.5 (1) can’t 1.4 (10), 3.1 (4), 3.3 (7), 3.4 (5),
4.3 (4)
car 1.1 (11), 1.2 (1), 1.4 (1), 2.1 (3),
2.3 (1), 2.4 (1), 3.2 (2), 3.3 (4),
3.4 (1), 4.1 (1), 4.2 (2), 4.4 (5) card 1.1 (2), 2.4 (3)
carrots 2.1 (2), 2.4 (2)
cars 2.1 (1), 3.3 (2)
cash 1.1 (2), 2.4 (2), 3.3 (1)
cat 1.4 (2), 2.2 (1), 2.3 (1), 2.4 (1),
4.2 (2)
cats 3.3 (1), 4.4 (1)
cell 3.3 (1)
chair 1.1 (3), 3.1 (2)
chairs 2.1 (1)
chicken 4.1 (5)
child 1.1 (1), 1.2 (4), 2.3 (5), 2.4 (1),
4.3 (1)
children 1.1 (5), 1.2 (1), 2.2 (1), 2.3 (1),
3.1 (3), 3.2 (1), 3.3 (1), 4.2 (1),
4.3 (2), 4.4 (3)
China 2.3 (3), 2.4 (3), 4.2 (1)
chocolate 2.1 (3), 2.2 (1), 2.4 (3), 2.5 (2), 3.3 (1), 3.4 (1)
church 4.3 (7), 4.4 (2)
city 1.2 (1), 1.4 (2), 4.4 (4)
clean 3.1 (1)
clock 1.3 (4), 4.1 (1)
clothes 2.1 (3)
cloudy 1.4 (5), 2.4 (1)
coat 1.2 (2), 1.3 (1), 3.1 (1), 3.3 (2),
4.2 (2)
coffee 1.1 (1), 2.2 (2), 2.4 (8), 3.1 (1), 3.3 (1), 4.1 (2), 4.4 (1)
cold 1.4 (6), 3.1 (2), 4.4 (2)
college 2.3 (12), 2.4 (4), 2.5 (2), 3.1 (1),
4.1 (1)
come 3.1 (1), 3.3 (1), 3.4 (7), 3.5 (5)
coming 3.1 (7), 3.2 (2), 4.3 (7)
concert 1.4 (1), 3.1 (2), 3.2 (2), 3.4 (5) cook 3.1 (1)
cooked 4.3 (2)
cooking 1.1 (2), 2.1 (1), 3.1 (1), 4.5 (2) cooks 3.4 (2)
cost 1.1 (1), 1.3 (6), 2.4 (2), 3.2 (7),
4.1 (1), 4.4 (2)
costs 1.1 (1), 1.3 (8), 2.4 (1), 3.2 (12),
4.4 (5) costume 3.3 (2)
country 4.3 (1), 4.4 (1)
credit 1.1 (2), 2.4 (3)
crying 4.3 (3)
cup 3.2 (1), 4.1 (1)
dance 3.2 (1), 3.4 (2), 3.5 (2), 4.1 (3) dancer 3.4 (3)
dancer’s 3.4 (2)
dancers 3.4 (1)
dances 3.4 (2)
dancing 3.1 (5), 3.3 (1), 3.4 (1) date 3.2 (12)
daughter 2.3 (3), 2.4 (1), 4.4 (1)
day 1.4 (2), 3.2 (1), 4.1 (2), 4.3 (1),
4.4 (7)
days 3.1 (2), 4.3 (1), 4.4 (1)
December 3.1 (3), 3.2 (3) delayed 1.3 (4), 1.4 (3) depart 1.3 (4) departed 2.4 (1)
departs 1.3 (10), 1.4 (1)
desk 2.1 (6), 3.1 (1), 3.3 (1), 3.4 (1) desks 3.1 (1)
dessert 3.3 (16), 3.5 (1), 4.1 (2)
desserts 3.3 (2)
dictionary 2.1 (10), 2.2 (1), 2.4 (1)
did 2.1 (12), 2.2 (12), 2.3 (9), 2.4 (11),
2.5 (2), 3.1 (2), 3.3 (2), 4.3 (3),
4.4 (2), 4.5 (3)
didn’t 2.2 (3), 2.3 (1), 2.4 (2), 3.3 (1),
3.5 (1) different 4.2 (1)
dinner 1.4 (4), 2.2 (1), 3.2 (1), 3.3 (2),
3.4 (1), 4.1 (1), 4.3 (3), 4.4 (1), 4.5 (2)
dirty 2.3 (2), 4.3 (1)
do 1.1 (3), 1.2 (13), 1.3 (4), 1.5 (4),
2.1 (3), 2.3 (8), 2.4 (2), 2.5 (1), 3.2 (3), 3.3 (2), 3.4 (2), 4.1 (8), 4.3 (3), 4.4 (6), 4.5 (7)
doctor 2.2 (2), 2.3 (1), 3.2 (5), 4.1 (3), 4.3 (1)
39
doctor’s 3.3 (1)
does 1.1 (1), 1.3 (12), 1.4 (1), 2.2 (11),
2.3 (2), 2.4 (3), 3.1 (2), 3.4 (2),
3.5 (1), 4.1 (1), 4.4 (1) doesn’t 2.2 (2), 3.2 (1), 4.3 (1)
dog 1.1 (1), 1.4 (2), 2.1 (1), 2.3 (1), 2.4 (1), 3.1 (4), 3.2 (2), 3.3 (1),
4.1 (1), 4.2 (4), 4.3 (1) dogs 3.3 (1)
doing 1.4 (1), 2.1 (2)
dollars 1.1 (1), 1.3 (4), 2.4 (1), 3.2 (4),
4.4 (4)
don’t 2.2 (5), 2.3 (1), 3.2 (3), 3.3 (1),
3.4 (1), 3.5 (1), 4.2 (2), 4.3 (1),
4.4 (10)
door 1.2 (3), 4.1 (1)
down 4.3 (7)
downtown 4.2 (10), 4.5 (1)
drank 3.4 (2)
dress 3.2 (1), 3.3 (1)
dresses 3.3 (2)
drink 3.1 (5), 4.4 (1)
drinking 2.4 (1), 3.1 (1)
drive 1.2 (1), 1.4 (2),
drives 3.4 (2)
driving 1.4 (1), 4.4 (1)
drove 3.3 (2), 3.4 (1)
drum 4.2 (3)
drums 4.2 (1)
e-mail 2.1 (5), 2.2 (1), 3.2 (4)
e-mails 2.3 (1)
early 3.2 (4), 3.5 (2)
eat 1.4 (8), 2.1 (4), 3.1 (3), 3.3 (4),
4.3 (2), 4.4 (3), 4.5 (2)
eating 1.3 (1), 2.1 (2), 2.2 (2), 3.3 (7),
4.1 (10), 4.2 (1), 4.3 (1) Egypt 1.4 (1), 2.3 (3)
eight 1.2 (1), 1.3 (9), 2.2 (1), 3.1 (2), 3.2 (3), 3.3 (2), 3.4 (1)
eighteen 1.3 (1), 3.2 (1) eighth 3.1 (1)
eighty 1.3 (5) elementary 2.3 (7)
Elena 3.5 (3)
eleven 1.3 (2), 3.1 (1), 3.2 (1) employee 2.3 (4), 3.2 (2)
employees 2.3 (1), 3.2 (1), 4.3 (1)
end 3.1 (1)
ending 3.1 (6)
ends 3.1 (1), 3.3 (1)
English 2.2 (2), 2.3 (3), 2.4 (4), 2.5 (2),
4.1 (1) envelope 2.1 (4) envelopes 2.1 (2)
euros 1.3 (5), 3.2 (2)
evening 3.1 (2), 3.4 (3), 4.1 (1), 4.3 (2),
4.4 (1)
excuse 1.2 (8), 1.3 (4), 2.2 (8), 2.5 (1), 4.1 (4), 4.3 (1)
expensive 3.3 (1), 4.1 (1)
factory 2.3 (5), 3.2 (1), 3.4 (3)
Fairfield 4.3 (1)
families 3.1 (1)
family 1.1 (1), 2.3 (1), 3.4 (1), 4.2 (1),
4.4 (2) famous 4.2 (19)
far 1.2 (1)
fast 4.1 (1), 4.4 (2)
father 2.2 (1), 2.3 (2), 3.2 (2), 3.4 (1) February 3.1 (4), 3.2 (1)
fifteen 1.3 (6), 2.2 (2)
fifteenth 3.3 (1)
fifth 3.2 (5)
fifty 1.3 (5), 1.4 (1), 3.3 (1)
finally 4.3 (3)
find 4.3 (3)
fine 3.3 (1)
first 1.2 (5), 3.2 (4), 4.3 (5)
fish 1.4 (1), 3.1 (1), 4.1 (3), 4.4 (1),
4.5 (1)
five 1.1 (1), 1.3 (13), 1.4 (2), 3.2 (7),
4.3 (1), 4.4 (1)
flight 1.3 (18), 1.4 (1), 3.2 (1)
flowers 1.1 (1), 2.1 (2), 2.2 (1), 3.1 (1), 4.4 (2)
foot 1.1 (2)
for 1.3 (6), 2.2 (8), 2.3 (2), 3.2 (10),
3.3 (4), 3.4 (4), 3.5 (1), 4.1 (1),
4.2 (15), 4.3 (11), 4.4 (10), 4.5 (2) fork 4.1 (2)
forty 1.3 (7), 1.4 (1), 3.2 (1), 4.3 (1), 4.4 (1)
foster 1.5 (1)
found 4.2 (11)
fountain 4.2 (6), 4.3 (1)
four 1.3 (8), 2.1 (1), 2.2 (1), 3.2 (3),
4.3 (1), 4.4 (2) fourteenth 3.2 (1)
fourth 1.2 (4), 3.1 (1), 3.2 (1)
France 2.3 (1), 2.4 (1), 3.1 (1)
free 3.4 (14), 3.5 (2), 4.1 (1)
Friday 2.1 (1), 2.2 (2), 3.1 (1), 3.2 (1),
3.4 (5), 3.5 (5), 4.4 (2) friend 2.1 (2), 3.1 (1), 3.2 (3)
friends 2.1 (1), 2.3 (1), 3.2 (2), 4.2 (1) from 1.2 (1), 1.3 (1), 2.3 (2), 3.1 (6) front 1.1 (6), 1.2 (1), 1.4 (1), 4.3 (3) fruit 2.2 (1), 2.4 (2)
fruits 3.3 (1)
game 3.1 (5), 3.4 (3)
games 3.1 (1), 3.3 (1)
gas 1.1 (10), 1.2 (1), 1.3 (1), 1.5 (2),
2.2 (1)
gave 2.1 (7), 2.2 (7), 2.4 (1)
3.3 (1), 4.1 (1), 4.4 (2)
40
get 1.2 (10), 3.3 (1)
getting 1.2 (8), 1.3 (1)
girl 1.1 (2), 1.4 (1), 2.1 (2), 2.4 (3),
3.1 (1), 3.2 (4), 4.1 (3), 4.3 (2) girl’s 4.3 (1)
girls 2.1 (1), 3.1 (1)
give 2.1 (2), 2.4 (2), 3.1 (6)
gives 3.1 (1)
giving 2.1 (9), 2.2 (2), 3.1 (10)
glasses 3.2 (1), 3.3 (3), 4.2 (4)
go 1.1 (2), 1.2 (11), 1.4 (5), 1.5 (2),
2.2 (5), 2.3 (2), 2.4 (3), 2.5 (1), 3.1 (1), 3.2 (1), 3.3 (3), 3.4 (4), 4.1 (2), 4.3 (5), 4.4 (2), 4.5 (1)
goes 4.1 (1)
going 1.1 (39), 1.2 (13), 1.4 (40), 1.5 (2),
2.1 (22), 2.2 (7), 2.4 (1), 2.5 (4),
3.1 (8), 3.2 (2), 3.3 (3), 3.5 (6), 4.4 (3) golf 1.4 (1), 2.1 (1), 2.2 (1), 2.3 (1),
2.4 (3)
good 1.4 (1), 3.4 (8), 4.5 (2)
goodbye 3.3 (2), 3.5 (2)
grandfather 2.1 (2), 2.2 (1), 3.2 (1), 4.2 (2) grandmother 2.1 (3), 2.4 (1)
grandmother’s 4.2 (1), 4.3 (1)
grass 4.4 (1)
gray 4.4 (1)
green 2.2 (1), 2.3 (2), 3.2 (1), 4.4 (1) grocery 1.1 (1), 2.2 (4), 2.4 (3), 3.3 (1),
4.1 (1), 4.3 (1) guitar 4.2 (7), 4.5 (1)
guitars 4.2 (1)
had 2.3 (1)
hair 1.2 (2), 2.3 (2)
hand 1.1 (2), 4.1 (1)
hands 3.2 (2)
happy 4.3 (5)
hardware 2.4 (1)
has 1.2 (2), 1.3 (3), 2.1 (1), 2.2 (1),
2.3 (1), 3.1 (3), 4.1 (1), 4.3 (2) hat 1.2 (1), 2.2 (1), 2.5 (2), 4.1 (1)
have 1.3 (7), 2.1 (2), 2.2 (1), 2.3 (5), 2.4 (2), 3.1 (4), 3.3 (11), 3.4 (1),
4.1 (19), 4.3 (3), 4.4 (1)
he 1.1 (4), 1.2 (1), 1.4 (3), 2.1 (7), 2.2 (4), 2.3 (7), 2.4 (2), 3.1 (6), 3.2 (1), 3.3 (1), 3.4 (7), 4.1 (4),
4.2 (4), 4.3 (7), 4.4 (3)
he’s 1.1 (5), 1.2 (10), 1.3 (2), 1.4 (1), 2.1 (10), 2.2 (5), 2.3 (2), 3.1 (9),
3.2 (6), 3.3 (6), 3.4 (2), 4.1 (1),
4.2 (7), 4.3 (11), 4.4 (12)
hello 1.1 (1), 1.3 (1), 1.5 (4), 3.3 (8),
3.4 (3), 3.5 (2), 4.3 (3), 4.4 (1) help 3.2 (4), 3.4 (2), 4.1 (2), 4.3 (1),
4.4 (1), 4.5 (1) helping 3.2 (9)
her 1.1 (5), 1.3 (4), 2.1 (5), 2.2 (3), 2.3 (2), 3.1 (6), 3.2 (11), 3.3 (4),
3.4 (1), 4.1 (3), 4.2 (5), 4.3 (9),
4.4 (2)
here 3.3 (24), 3.4 (2), 4.1 (12), 4.3 (6),
4.4 (10)
hi 3.3 (1), 3.4 (1), 3.5 (4), 4.5 (2)
high 2.3 (9)
hill 4.2 (3), 4.3 (5)
him 2.2 (3), 3.1 (8), 3.4 (1)
his 1.1 (10), 1.3 (2), 2.1 (4), 2.2 (1),
3.1 (1), 3.2 (11), 3.3 (2), 4.1 (3),
4.2 (9), 4.3 (7), 4.4 (1) history 2.2 (3), 2.3 (3)
home 1.1 (7), 1.2 (4), 3.1 (2), 4.1 (1), 4.3 (1)
horse 1.1 (2), 1.4 (1), 3.2 (1), 4.4 (3) horses 4.4 (2)
hospital 1.1 (1), 2.4 (1), 3.1 (2), 4.3 (1) hot 1.4 (7)
hotel 1.1 (4), 1.2 (2), 1.3 (1), 2.2 (1), 3.3 (1), 3.4 (3), 4.3 (4)
hour 1.3 (2)
hours 1.3 (2), 4.1 (1), 4.3 (2)
house 1.1 (5), 2.1 (1), 2.3 (1), 3.3 (1),
3.4 (1), 4.1 (1), 4.2 (1), 4.3 (1) how 1.1 (1), 1.2 (9), 1.3 (3), 2.4 (2),
3.3 (1), 4.1 (3), 4.3 (10), 4.4 (1) hundred 3.2 (17), 4.4 (2)
hungry 3.1 (1)
husband 2.1 (1), 2.4 (2), 3.2 (1), 4.3 (2)
I 1.1 (2), 1.2 (11), 1.3 (4), 1.4 (4),
1.5 (3), 2.1 (29), 2.2 (23), 2.3 (20), 2.4 (46), 2.5 (3), 3.1 (5), 3.2 (6), 3.3 (16), 3.4 (16), 3.5 (4), 4.1 (27), 4.2 (7), 4.3 (18), 4.4 (7), 4.5 (10)
I’m 1.1 (17), 1.2 (7), 1.3 (4), 1.4 (15), 1.5 (1), 2.1 (28), 2.2 (2), 2.3 (13),
2.4 (1), 2.5 (3), 3.1 (5), 3.2 (6), 3.3 (3), 3.4 (26), 3.5 (6), 4.1 (3), 4.2 (5), 4.3 (8), 4.4 (6), 4.5 (3)
in 1.1 (11), 1.2 (15), 1.3 (6), 1.4 (22), 2.3 (32), 2.4 (11), 2.5 (1), 3.1 (12),
3.2 (5), 3.4 (2), 4.1 (7), 4.2 (17),
4.3 (18), 4.4 (27) inexpensive 3.3 (1)
inside 3.3 (1)
instrument 4.2 (2), 4.5 (2)
instruments 4.2 (3)
is 1.1 (47), 1.2 (30), 1.3 (41), 1.4 (22),
1.5 (4), 2.1 (7), 2.2 (16), 2.3 (3), 2.4 (8), 2.5 (3), 3.1 (29), 3.2 (50), 3.3 (37), 3.4 (23), 3.5 (2), 4.1 (56), 4.2 (41), 4.3 (20), 4.4 (20), 4.5 (1)
island 4.4 (8)
islands 4.4 (1)
it 1.1 (2), 1.3 (16), 1.4 (5), 1.5 (4),
41
2.1 (2), 2.2 (19), 2.3 (2), 2.4 (12), 2.5 (1), 3.1 (7), 3.3 (3), 3.4 (2), 3.5 (1), 4.1 (1), 4.4 (13), 4.5 (1)
it’s 1.2 (4), 1.3 (30), 1.4 (40), 1.5 (2), 2.2 (2), 2.5 (2), 3.1 (1), 3.2 (5), 3.3 (1), 3.5 (1), 4.1 (1), 4.3 (2),
4.4 (12), 4.5 (1)
Italy 2.3 (3), 3.1 (1), 4.3 (2)
January 3.1 (3), 3.2 (2)
Japan 3.1 (1)
Jean 3.4 (1)
jeans 3.2 (1), 3.3 (1), 4.1 (1) Jen 3.3 (1)
jewelry 2.1 (1), 2.2 (2), 3.1 (1), 3.2 (1), 4.1 (1)
John 3.3 (3)
John’s 3.3 (1)
Jones 2.2 (1)
juice 2.4 (5), 3.4 (1)
July 3.1 (3), 3.2 (1)
June 3.1 (3), 3.2 (4)
keys 2.2 (2), 3.1 (1), 4.2 (2), 4.3 (1) kiss 1.4 (1)
kissed 2.4 (1)
kitchen 3.1 (1)
knife 4.1 (4)
know 3.2 (8), 3.4 (2), 3.5 (1) knows 3.2 (2)
ladder 2.4 (1), 3.1 (1)
lake 1.4 (5), 2.1 (2), 2.2 (1), 3.1 (2),
4.4 (1)
last 2.1 (12), 2.2 (1), 3.4 (3)
late 3.2 (8), 4.3 (1) laughing 4.3 (6)
Laura 3.3 (5)
Laura’s 3.3 (1)
leaving 3.1 (5)
left 1.1 (6), 1.2 (8), 1.5 (3), 2.4 (1),
3.1 (3), 3.2 (1), 3.3 (1), 4.1 (1),
4.3 (1) lemon 4.1 (2) lemons 4.1 (2)
letter 2.1 (4), 2.4 (2)
letters 2.1 (1), 2.2 (2), 2.3 (1), 2.4 (1) library 1.1 (6), 1.2 (1), 2.2 (8), 3.1 (1),
3.2 (1)
like 1.4 (5), 1.5 (4), 2.3 (1), 2.4 (34),
2.5 (2), 3.1 (2), 3.3 (1), 3.4 (7), 3.5 (7), 4.1 (2), 4.3 (7), 4.4 (5), 4.5 (4)
liked 2.3 (1)
likes 2.3 (4)
lime 4.1 (2), 4.5 (1) limes 4.1 (1)
line 1.2 (11)
listen 3.2 (1) listened 2.4 (1)
live 2.3 (5), 4.1 (3), 4.2 (3), 4.4 (1) lived 2.3 (4)
lives 4.2 (1)
living 2.4 (1), 3.3 (1)
long 4.3 (9)
looking 4.2 (15), 4.4 (3), 4.5 (2)
lost 4.3 (6)
lot 4.4 (9)
lunch 1.4 (3), 3.1 (1), 3.3 (2), 4.1 (1), 4.2 (1) Main 3.2 (1)
make 3.5 (2), 4.3 (4)
making 3.3 (7)
man 1.1 (10), 1.3 (2), 1.4 (2), 2.1 (1),
3.1 (3), 3.2 (9), 4.1 (6), 4.2 (5),
4.3 (7), 4.4 (2) man’s 4.4 (1)
manager 2.3 (11), 3.2 (5), 4.1 (1) many 4.3 (1)
map 1.1 (9), 1.3 (1), 1.5 (1) maps 1.1 (3)
March 3.1 (3), 3.2 (3), 3.4 (1)
math 2.2 (4), 2.3 (1), 2.5 (1), 4.1 (1) May 3.1 (3), 3.2 (2), 3.4 (1), 4.2 (1) me 1.2 (8), 1.3 (4), 2.2 (11), 2.4 (4),
2.5 (1), 3.1 (2), 3.2 (7), 3.4 (1),
4.1 (9), 4.3 (1) mean 2.2 (11), 2.4 (1)
means 2.2 (12), 2.4 (1), 3.4 (2) meat 2.1 (1), 3.2 (1)
42
medicine 1.1 (1), 2.2 (2), 2.4 (1) meet 3.2 (1), 3.4 (1), 3.5 (2), meeting 3.2 (10)
men 1.1 (3), 1.2 (1), 1.3 (1), men’s 4.4 (1)
mile 1.3 (1), 2.1 (1)
miles 1.3 (4), 1.4 (3), 2.1 (2) milk 1.1 (1), 2.4 (2), 4.1 (1) minutes 1.3 (4), 1.4 (2), 4.1 (1), modern 4.2 (4)
Mom 2.2 (2)
Monday 2.1 (4), 3.4 (1), 4.4 (1) money 1.1 (1)
month 2.1 (1), 3.1 (5), 3.4 (3) months 3.1 (1), 4.3 (1)
moon 4.1 (1)
more 4.1 (1)
morning 1.3 (1), 1.4 (1), 2.1 (1),
4.3 (1), 4.4 (1), 4.5 (2) Moscow 4.2 (1), 4.3 (2)
mosque 4.3 (3), 4.4 (1)
most 4.2 (1)
mother 2.1 (2), 2.3 (1), 2.4 (1),
3.4 (1), 4.3 (1) mountain 4.2 (2), 4.3 (3)
mountains 1.4 (6), 2.1 (2), 2.2 (1), 2.4 (1), 3.1 (1), 3.2 (1),
4.4 (3)
4.1 (1) 4.2 (1)
4.3 (3)
2.2 (1),
3.2 (2), 2.3 (1),
movie
Mr Mrs much
museum music
musician musician’s musicians my
name names napkin near need
needs
new
New York newspaper newspapers next
nice
night nights nine nineteen nineteenth ninety
no
not
notebook November now
number o’clock
ocean October of
off
3.1 (2), 3.2 (2), 3.4 (2), 4.2 (6), 4.3 (1), 4.5 (1)
1.5 (1), 3.3 (3)
2.2 (1)
1.1 (1), 1.3 (3), 2.4 (2), 4.1 (1), 4.4 (1)
1.1 (7), 1.2 (5), 1.4 (2), 1.5 (1), 3.2 (3), 4.2 (3), 4.3 (1), 4.5 (1) 2.2 (4), 2.3 (3), 2.5 (1), 3.4 (2), 4.2 (1)
3.4 (3), 4.1 (1), 4.5 (1)
3.4 (2)
3.4 (2)
1.2 (3), 1.3 (7), 1.4 (2), 2.1 (14), 2.2 (1), 2.3 (5), 2.4 (5), 2.5 (1), 3.1 (2), 3.2 (5), 3.3 (5), 3.4 (4), 3.5 (4), 4.2 (7), 4.3 (1), 4.4 (1) 2.4 (5), 3.2 (1), 3.5 (2)
3.1 (1)
4.1 (4)
1.2 (2), 4.3 (1), 4.4 (6)
1.1 (5), 1.3 (2), 1.5 (3), 2.1 (1), 3.3 (1), 4.4 (1)
1.1 (7)
2.1 (2), 3.3 (1), 4.1 (2), 4.4 (1) 1.3 (1), 1.4 (1), 4.2 (2)
2.1 (7), 2.4 (2), 3.1 (1), 4.5 (1) 1.1 (1), 2.1 (1)
2.1 (10), 3.1 (1), 4.1 (1), 4.4 (1) 3.5 (2)
1.3 (1), 3.4 (1)
4.3 (1)
1.2 (1), 1.3 (6), 2.2 (1), 3.2 (3) 3.2 (1)
3.2 (1)
1.3 (4), 3.2 (2)
1.1 (1), 1.3 (5), 1.4 (7), 1.5 (1), 2.1 (10), 2.2 (1), 2.3 (3), 2.4 (3), 3.1 (1), 3.2 (1), 3.4 (3), 3.5 (3), 4.1 (1), 4.3 (1), 4.4 (1), 4.5 (1) 1.4 (4), 1.5 (1), 2.1 (2), 2.2 (2), 2.4 (2), 3.1 (1), 3.2 (2), 3.3 (1), 3.4 (1), 3.5 (3), 4.2 (6), 4.3 (4), 4.4 (5), 4.5 (1)
2.1 (6), 2.2 (1), 3.1 (1)
3.1 (3), 4.4 (1)
2.3 (27), 2.4 (3), 3.1 (2), 4.1 (4), 4.3 (4)
1.2 (4), 1.3 (7), 3.2 (11)
1.3 (23), 1.5 (1), 2.2 (2), 2.5 (2), 3.3 (2), 3.4 (4), 3.5 (1), 4.3 (2) 4.4 (10)
3.1 (3), 4.2 (1), 4.3 (1)
1.1 (6), 1.2 (1), 1.4 (1), 2.3 (1), 3.1 (3), 3.2 (1), 3.3 (6), 4.1 (5), 4.2 (33), 4.3 (3), 4.4 (9), 4.5 (3) 1.2 (7), 1.3 (1)
office 1.1 (8), 1.2 (1), 1.4 (1), 2.3 (10), 2.4 (1), 3.1 (2), 3.2 (3), 3.3 (1),
3.4 (1) okay 3.4 (4)
old 1.3 (2), 2.1 (1), 2.3 (2), 2.4 (1), 3.2 (1), 3.3 (2), 4.1 (1), 4.2 (1)
oldest 2.1 (1)
on 1.1 (10), 1.2 (9), 1.3 (10), 1.4 (8),
2.1 (3), 2.2 (7), 2.4 (1), 3.1 (7), 3.2 (5), 3.3 (3), 3.4 (13), 3.5 (5), 4.1 (3), 4.2 (4), 4.3 (7), 4.4 (8), 4.5 (2)
one 1.3 (12), 1.4 (2), 2.2 (2), 3.2 (6), 4.4 (1)
or 1.5 (3), 2.4 (15), 3.1 (1), 3.3 (2), 4.5 (2)
orange 2.4 (5)
oranges 3.3 (1)
our 1.3 (1), 2.1 (1), 2.2 (2), 3.4 (1),
4.1 (1), 4.4 (1)
outside 1.4 (2), 3.1 (1), 3.3 (2)
p.m. 1.3 (18), 1.4 (1), 3.1 (1), 3.4 (1), 4.4 (1)
packed 4.3 (3)
packing 4.3 (3)
painting 4.2 (11)
paintings 4.2 (1)
parents 2.1 (1), 2.2 (1), 3.1 (2), 4.3 (1) Paris 1.3 (1), 1.4 (2), 2.1 (1), 2.2 (2),
2.3 (4), 2.4 (1), 4.2 (1), 4.3 (2) park 1.1 (1), 1.2 (3), 1.4 (1), 2.2 (2), 2.3 (1), 2.4 (1), 3.1 (2), 3.2 (2), 3.4 (1), 4.1 (1), 4.2 (3), 4.3 (1),
4.4 (3) parties 3.1 (1)
party 3.1 (14), 3.2 (5), 3.3 (11), 3.4 (3), 3.5 (9), 4.3 (1)
passport 1.3 (7), 3.3 (1)
pay 1.1 (2), 2.4 (3), 3.3 (1)
pen 2.1 (2), 2.4 (1), 3.1 (2), 3.3 (2) people 1.1 (1), 1.2 (3), 1.3 (1), 3.1 (2),
3.2 (1), 4.2 (4), 4.3 (2), 4.4 (1) pepper 4.1 (5)
person 1.2 (4)
pharmacy 1.1 (2), 2.2 (4), 2.4 (1)
phone 1.3 (2), 3.2 (8), 3.3 (2)
photo 4.2 (20), 4.5 (3)
photos 4.2 (2)
piano 3.4 (4), 4.1 (1), 4.2 (3), 4.5 (1) pianos 4.2 (1)
plate 3.1 (1), 4.3 (2)
plates 3.1 (2), 4.3 (2)
play 1.4 (7), 2.1 (3), 2.2 (2), 2.3 (4),
2.4 (4), 3.1 (4), 3.4 (3), 4.1 (7),
4.2 (5), 4.3 (2), 4.4 (3), 4.5 (8) played 2.1 (4), 2.2 (3), 2.3 (1), 2.4 (6),
3.4 (3)
43
playing
plays please
police
police officer police officer’s post
potato potatoes pounds put putting question questions radio
rain raining rains ran read
reading red
rent renting repeat reservation restaurant
restroom return returned returning ride riding right
Robert Rome room run running
Russia sad
sail sailboat sailboats sailing
2.1 (1), 3.3 (1), 3.4 (4), 4.2 (10), 4.3 (1), 4.4 (5)
3.4 (2)
1.5 (1), 2.2 (5), 2.4 (10), 2.5 (1), 3.1 (18), 3.2 (7), 3.3 (3), 3.4 (1), 3.5 (1), 4.2 (1)
3.2 (1)
3.2 (1), 4.1 (3)
3.3 (1)
1.1 (8), 1.2 (1), 1.4 (1), 2.4 (1), 3.1 (1)
4.1 (3)
4.1 (2), 4.5 (1)
1.3 (2), 3.2 (1), 4.4 (2)
3.1 (6), 3.2 (2), 3.3 (2), 4.3 (3) 3.1 (4)
4.1 (18)
4.1 (4)
1.3 (1), 2.4 (1)
1.4 (6), 3.5 (2), 4.4 (5)
1.4 (8), 2.3 (1)
3.1 (1)
2.1 (4), 2.2 (9), 4.3 (2)
1.4 (4), 2.1 (8), 2.3 (2), 2.4 (2), 3.1 (2), 3.2 (1), 4.1 (1), 4.5 (1) 1.1 (7), 2.1 (5), 2.2 (1), 3.1 (2), 4.2 (1), 4.3 (1)
1.1 (1), 1.2 (2), 1.3 (1), 2.4 (1), 3.3 (3), 3.4 (1)
4.4 (9)
4.4 (2)
2.2 (5), 2.4 (4), 2.5 (1), 3.5 (1) 4.3 (8)
1.2 (1), 1.4 (2), 2.1 (2), 2.2 (1), 2.3 (2), 3.2 (3), 3.4 (3), 4.1 (3), 4.3 (3)
1.2 (3), 2.2 (1)
4.4 (5)
4.4 (2)
4.4 (3)
4.4 (3)
4.4 (10)
1.1 (6), 1.2 (8), 1.5 (4), 2.2 (1), 2.4 (1), 3.1 (1), 3.2 (1), 3.3 (1), 4.1 (2)
2.4 (1)
1.4 (1), 2.3 (2), 4.2 (1)
1.3 (6), 3.3 (1), 4.3 (1)
1.4 (2), 3.3 (1), 4.3 (1), 4.4 (1) 1.4 (1), 2.1 (2), 2.2 (2), 4.3 (6), 4.4 (1)
1.4 (1), 2.4 (2), 3.1 (1)
4.3 (2)
4.4 (3), 4.5 (6)
4.4 (5), 4.5 (1)
4.4 (4)
4.4 (8)
salad 3.3 (12), 3.5 (1), 4.1 (1) salads 3.3 (1)
salt 4.1 (5)
same 2.3 (4), 3.3 (1), 4.2 (2) sandals 4.4 (4)
sandwich 2.4 (2), 3.3 (2)
sandwiches 2.1 (1)
Sarah 1.2 (1)
Saturday 1.4 (1), 2.2 (1), 3.4 (3)
school 1.1 (7), 1.2 (5), 2.1 (1), 2.2 (2),
2.3 (16), 3.1 (1), 3.2 (2), 3.3 (1),
4.1 (1)
science 2.2 (6), 2.3 (5), 2.5 (1)
seat 1.2 (6), 1.3 (3)
second 1.2 (5), 3.2 (1), 4.3 (1)
seconds 1.3 (2)
see 4.3 (10)
sell 1.1 (2)
selling 2.1 (2), 2.2 (1)
September 3.1 (3), 3.2 (1)
seven 1.2 (1), 1.3 (7), 3.1 (1), 3.2 (5),
4.3 (1) seventeenth 3.2 (1) seventh 3.2 (1) seventy 1.3 (5)
she 1.1 (7), 1.3 (3), 1.4 (2), 2.1 (7), 2.2 (9), 2.3 (9), 2.4 (4), 3.1 (6), 3.2 (2), 3.3 (3), 3.4 (9), 4.1 (4),
4.2 (5), 4.3 (7)
she’s 1.1 (7), 1.2 (9), 1.3 (2), 1.4 (2),
2.1 (12), 2.2 (4), 2.3 (4), 3.1 (15), 3.2 (7), 3.3 (7), 3.4 (3), 4.1 (1), 4.2 (7), 4.3 (9), 4.4 (4)
She’s 4.4 (2)
sheet 1.1 (2)
shirt 3.3 (1), 4.3 (1)
shoe 4.2 (2), 4.3 (1)
shoes 1.3 (1), 1.5 (2), 2.1 (1), 3.2 (1),
3.3 (5), 3.4 (2) shorts 4.4 (3)
sign 2.2 (10)
sing 3.1 (1), 3.4 (1), 4.2 (2)
singer 3.4 (4), 4.1 (2), 4.4 (1)
singing 3.1 (5), 3.4 (1), 4.3 (1)
sings 3.4 (4)
sink 1.3 (2), 3.1 (1), 3.2 (1)
sister 2.1 (3), 3.2 (2), 3.4 (1)
sit 3.1 (1), 3.2 (1), 4.4 (2)
sitting 1.1 (1), 1.2 (5), 4.2 (1), 4.3 (1) six 1.3 (8), 1.4 (1), 2.1 (3), 3.2 (2),
4.4 (2)
sixty 1.3 (6), 1.4 (2)
ski 4.4 (5)
skiers 4.4 (3)
skiing 4.4 (5)
skirt 1.2 (1), 1.5 (2) skis 4.4 (10)
44
sky 4.2 (1)
sleeping 1.3 (1), 1.4 (1), 2.4 (1)
slow 4.1 (1), 4.4 (2)
small 4.1 (4), 4.4 (1)
smiling 4.3 (7)
Smith 3.3 (2)
smith’s 3.3 (1)
snow 1.4 (3), 4.4 (9)
snowing 1.4 (7)
soap 3.2 (1)
soccer 1.4 (5), 2.1 (4), 2.2 (2), 2.3 (3),
2.4 (3), 3.4 (1), 4.1 (1), 4.3 (1),
4.4 (1)
sock 3.2 (1), 4.2 (2)
socks 2.3 (2), 3.2 (1)
sold 2.1 (4)
some 1.1 (3), 2.4 (8), 2.5 (2), 3.1 (2),
4.1 (4), 4.2 (1), 4.4 (5) someday 4.1 (11), 4.2 (1)
something 3.1 (12), 3.3 (1), 4.2 (2), 4.5 (2) son 1.3 (1), 2.3 (2), 3.1 (1)
sorry 3.3 (1), 3.4 (13), 3.5 (1)
soup 3.3 (9), 4.1 (3)
sour 4.1 (4)
speak 2.4 (2), 2.5 (2), 3.3 (3), 3.4 (2),
4.3 (1) speaking 3.3 (1) spicy 4.1 (3) spoke 4.3 (1) spoon 4.1 (2) spring 3.1 (2)
stadium 1.1 (5), 1.2 (1), 2.2 (3), 4.2 (4) stadiums 4.2 (1)
stairs 4.2 (4), 4.3 (6)
stamps 2.1 (7)
standing 1.1 (1), 1.2 (1), 4.3 (1)
start 3.5 (1)
starts 3.5 (1)
station 1.1 (4), 1.2 (6), 1.3 (8), 2.2 (1),
2.4 (2)
statue 4.2 (20), 4.4 (1)
statues 4.3 (2)
stay 4.3 (2)
staying 4.3 (5)
stop 1.2 (6), 1.4 (1)
store 1.1 (1), 2.2 (4), 2.3 (6), 2.4 (4),
3.1 (1), 4.1 (1), 4.3 (1) stores 3.3 (1)
straight 1.2 (5), 1.5 (2), 3.1 (1), 3.3 (1) street 1.2 (2), 3.4 (1)
Street 3.2 (1)
student 2.1 (4), 2.3 (11), 2.5 (2), 3.1 (1),
3.2 (1), 4.1 (1) student’s 3.3 (1)
students 2.3 (7), 2.4 (1), 3.1 (2), 3.2 (2) studied 2.2 (3), 2.3 (2), 2.4 (2)
studies 2.3 (1)
study 1.4 (2), 2.2 (5), 2.3 (3), 2.4 (2), 2.5 (3), 4.1 (1)
studying 2.2 (3), 2.3 (3), 2.4 (1) subway 1.2 (13)
Sue 3.1 (1)
sugar 4.1 (5)
suit 3.2 (1)
suitcase 1.3 (6), 1.4 (2), 4.3 (5)
suitcases 1.3 (1), 4.3 (1)
suits 2.3 (1)
summer 1.4 (2)
sunglasses 1.2 (1), 1.3 (1), 1.4 (2)
sunny 1.4 (10), 2.4 (1), 3.1 (1), 4.3 (1),
4.4 (1) sure 3.4 (5) swam 2.1 (6) sweet 4.1 (3)
swim 1.4 (5), 2.1 (6), 2.3 (1), 3.1 (2), 3.2 (1), 4.3 (2), 4.4 (3)
swimming 1.4 (3), 2.1 (5), 4.4 (1) swims 3.4 (2)
swimsuit 4.4 (2)
swimsuits 4.4 (2)
synagogue 4.3 (3), 4.4 (1)
T-shirt 1.2 (1)
T-shirts 2.3 (1)
table 1.1 (1), 1.3 (2), 2.1 (1), 3.1 (1),
3.2 (1), 3.3 (1), 4.1 (1), 4.3 (3) take 1.2 (3), 1.4 (3), 3.1 (1), 4.2 (2),
4.5 (2)
taking 1.2 (8), 2.1 (2), 4.2 (8)
talk 3.3 (1)
talking 3.2 (10), 3.5 (2)
tall 1.2 (1), 4.1 (4)
taught 2.3 (3), 2.5 (1)
taxi 1.2 (7)
tea 2.4 (3), 3.1 (1), 4.1 (1)
teach 2.3 (6), 2.5 (1), 4.1 (1)
teacher 2.1 (5), 2.2 (3), 2.3 (4), 3.2 (3),
4.1 (2), 4.3 (1) teaching 2.2 (3)
television 1.4 (1), 3.2 (1), 3.3 (1)
temple 4.3 (4), 4.4 (1), 4.5 (1)
temples 4.3 (1)
ten 1.3 (3), 1.4 (3), 2.1 (1), 2.4 (1),
3.2 (1), 4.1 (1), 4.4 (1)
tennis 1.4 (1), 2.1 (3), 2.2 (2), 2.3 (1),
2.4 (5) tent 4.4 (2) tenth 3.1 (1) tents 4.4 (2)
thank 1.1 (1), 1.2 (3), 1.3 (4), 1.5 (1), 2.2 (3), 2.4 (2), 2.5 (2), 3.3 (2),
3.5 (1), 4.1 (1), 4.3 (1)
that 2.2 (5), 2.4 (5), 2.5 (1), 3.3 (10),
3.4 (1), 3.5 (1), 4.2 (1), 4.4 (1) that’s 3.4 (4), 4.2 (1)
45
the 1.1 (96), 1.2 (72), 1.3 (53), 1.4 (43), 1.5 (3), 2.1 (28), 2.2 (30), 2.3 (12), 2.4 (25), 2.5 (4), 3.1 (70), 3.2 (64), 3.3 (21), 3.4 (34), 3.5 (5), 4.1 (44),
4.2 (41), 4.3 (57), 4.4 (58), 4.5 (7) theater 1.1 (7), 1.2 (4), 4.2 (6), 4.3 (1),
4.5 (1)
their 1.3 (1), 2.1 (1), 3.1 (2), 3.2 (2),
4.1 (1), 4.2 (2), 4.3 (2), 4.4 (1)
them 2.2 (3), 3.1 (1), 4.4 (2)
then 4.3 (6), 4.4 (1)
there 1.4 (1), 2.2 (4), 3.2 (1), 3.3 (10),
4.1 (1), 4.4 (16)
these 1.2 (3), 1.3 (2), 2.2 (1), 2.4 (2),
3.2 (5), 3.3 (4), 4.1 (5), 4.2 (4),
4.4 (2)
they 1.1 (5), 1.3 (1), 2.2 (10), 2.3 (8),
2.4 (1), 3.1 (4), 3.4 (4), 4.1 (1),
4.2 (5), 4.3 (2), 4.4 (3)
they’re 1.1 (3), 1.2 (8), 1.3 (1), 1.4 (7), 2.1 (1), 2.2 (3), 2.3 (3), 3.1 (8), 3.2 (3), 3.3 (5), 4.1 (2), 4.2 (6),
4.3 (10), 4.4 (10) third 1.2 (5)
thirsty 1.2 (1), 3.1 (1)
thirteenth 3.2 (1)
thirty 1.3 (12), 2.4 (1), 3.1 (2), 3.2 (4),
4.3 (2), 4.4 (1)
this 1.1 (3), 1.2 (1), 1.3 (11), 1.4 (4),
2.1 (5), 2.2 (26), 2.3 (7), 2.4 (15), 2.5 (2), 3.1 (8), 3.2 (19), 3.3 (29), 3.4 (20), 4.1 (18), 4.2 (28), 4.3 (6), 4.4 (10), 4.5 (3)
those 3.3 (4)
thousand 3.2 (14), 4.4 (1)
three 1.2 (1), 1.3 (9), 2.1 (1), 2.2 (3),
3.2 (3), 4.1 (1), 4.2 (1), 4.3 (3),
4.4 (1)
Thursday 1.4 (2), 2.1 (1), 2.2 (1), 3.2 (1),
3.3 (1), 3.4 (2) ticket 1.3 (6), 1.4 (3)
tickets 1.3 (3), 2.1 (1), 3.2 (2)
time 1.3 (20), 1.4 (1), 1.5 (3), 2.2 (4),
2.5 (1), 3.2 (2), 3.5 (1), 4.3 (2)
to 1.1 (33), 1.2 (30), 1.3 (6), 1.4 (47), 1.5 (1), 2.1 (49), 2.2 (32), 2.3 (22), 2.4 (20), 2.5 (6), 3.1 (21), 3.2 (16), 3.3 (14), 3.4 (16), 3.5 (17), 4.1 (8),
4.2 (1), 4.3 (12), 4.4 (22), 4.5 (9) today 1.4 (20), 2.1 (11), 2.2 (5), 3.1 (2),
3.2 (6), 3.3 (1), 4.1 (2), 4.3 (2),
4.4 (6), 4.5 (3)
tomorrow 1.4 (14), 2.1 (2), 2.2 (2), 4.1 (4),
4.4 (7) tonight 4.3 (3) too 4.5 (2) took 4.2 (5)
towel towels toy toys train
tree trees Tuesday turn
turning twelfth twelve twentieth twenty
two
type
types umbrella under understand understands United States
unpacking up
us
use
used vegetables very
visit
wait waited waiter waiters waiting waitress waitresses walk
walking want
wants was
wash washed watch
watched watching water
4.4 (1), 4.5 (1)
3.1 (2), 4.4 (2)
1.1 (1), 3.1 (2), 4.1 (1)
3.1 (1)
1.3 (23), 1.4 (4), 2.1 (2), 2.4 (3), 3.1 (1)
1.1 (2), 4.1 (1)
4.1 (3), 4.4 (1)
2.1 (4), 3.4 (1)
1.2 (5), 1.5 (2), 3.1 (2), 3.2 (2), 3.3 (2), 4.3 (1)
1.2 (4)
3.2 (1)
1.3 (2), 3.1 (1)
3.2 (2)
1.3 (4), 3.2 (6), 4.1 (1), 4.3 (1), 4.4 (2)
1.3 (10), 2.1 (2), 2.2 (1), 3.2 (7), 3.4 (3), 4.1 (2), 4.3 (4), 4.4 (2) 3.3 (3), 4.2 (3)
3.3 (3), 4.2 (3)
1.4 (1), 3.1 (2)
1.1 (4), 2.1 (1)
2.2 (12), 2.4 (4), 3.5 (1)
2.2 (2)
2.4 (3), 2.5 (2), 3.1 (1), 3.2 (1), 4.1 (1)
4.3 (3)
4.3 (5)
2.2 (3), 4.2 (1), 4.5 (1)
2.3 (5)
2.3 (12), 2.4 (3), 4.1 (2)
2.1 (1), 3.2 (1), 3.3 (1)
4.1 (20), 4.4 (2)
2.1 (4)
3.2 (1)
2.3 (2)
4.1 (2)
4.1 (1)
1.3 (10)
4.1 (6)
4.1 (1)
1.2 (2), 1.4 (4), 3.1 (2), 3.2 (1), 3.3 (2), 4.1 (1)
1.4 (3), 4.2 (1), 4.3 (6), 4.4 (1) 1.1 (5), 1.2 (7), 3.2 (2), 3.3 (8), 4.2 (1), 4.4 (1), 4.5 (2)
3.1 (3)
2.3 (12), 2.4 (30), 2.5 (1), 3.3 (2), 3.4 (7), 4.4 (1)
1.4 (1), 3.2 (2)
4.3 (1)
1.3 (4), 1.4 (1), 3.1 (2), 3.2 (1), 3.3 (2), 3.4 (1)
2.4 (1)
4.2 (1)
2.4 (3), 3.1 (1), 4.1 (3), 4.4 (1)
46
we 1.1 (5), 1.2 (1), 1.3 (1), 1.4 (9), 1.5 (2), 2.2 (14), 2.3 (9), 2.4 (4),
2.5 (1), 3.1 (3), 3.3 (1), 3.4 (1), 3.5 (1), 4.1 (6), 4.2 (3), 4.3 (5), 4.4 (13), 4.5 (2)
we’re 1.1 (8), 1.2 (1), 1.4 (4), 2.1 (3), 2.2 (3), 2.3 (3), 3.1 (4), 3.2 (2), 3.4 (2), 4.1 (1), 4.2 (2), 4.3 (5),
4.4 (1)
wear 3.2 (1), 3.3 (2), 4.4 (2)
wearing 1.2 (4), 1.3 (2), 1.4 (2), 4.4 (2) weather 1.4 (7), 2.4 (2), 3.4 (5), 4.4 (1) Wednesday 1.4 (2), 2.1 (1), 3.4 (2), 4.3 (1),
4.4 (1)
week 1.4 (2), 2.1 (10), 2.2 (1), 3.1 (1),
3.4 (1), 4.3 (1), 4.4 (1) weeks 4.3 (2)
welcome 1.2 (3), 1.3 (1), 1.5 (1), 2.2 (3), 2.4 (1), 2.5 (2), 3.3 (1), 3.5 (1)
well 3.4 (9)
went 2.2 (16), 2.4 (1), 2.5 (1), 4.3 (2),
4.5 (1)
were 2.3 (15), 2.4 (6)
wet 1.4 (2)
what 1.3 (15), 1.4 (6), 1.5 (3), 2.1 (2),
2.2 (21), 2.3 (10), 2.4 (6), 2.5 (3), 3.3 (5), 3.4 (3), 3.5 (3), 4.1 (1), 4.3 (7), 4.4 (7), 4.5 (8)
what’s 2.4 (2), 3.2 (2), 3.5 (1), 4.1 (2), 4.2 (2)
when 1.3 (1), 1.4 (2), 2.1 (2), 2.2 (1), 2.3 (9), 2.4 (39), 2.5 (1), 3.1 (4),
4.1 (1), 4.3 (1)
where 1.1 (17), 1.2 (11), 1.5 (1), 2.2 (5),
2.3 (2), 3.1 (2), 3.2 (3), 3.3 (1),
4.3 (1), 4.4 (1)
which 1.2 (1), 1.3 (1), 1.5 (2)
white 2.3 (2), 3.3 (1), 3.4 (1), 4.4 (2) who 2.4 (1), 3.2 (4), 3.3 (1), 3.4 (2),
3.5 (1)
why 1.4 (6), 2.5 (1), 3.5 (1), 4.3 (1),
4.4 (2)
wife 1.1 (1), 2.1 (3), 2.3 (1), 3.1 (1),
3.2 (4), 4.3 (1)
will 4.1 (33), 4.2 (6), 4.3 (14), 4.4 (24),
4.5 (4) Wilson 3.3 (1)
windy 4.4 (9), 4.5 (2)
winter 1.4 (2), 3.1 (1)
with 1.1 (4), 2.3 (2), 2.4 (3), 3.3 (6),
4.1 (15), 4.2 (2), 4.4 (2), 4.5 (1)
woman 1.1 (9), 1.3 (4), 1.4 (1), 2.1 (1), 3.1 (1), 3.2 (6), 3.3 (1), 4.1 (6),
4.3 (5), 4.4 (2) woman’s 4.4 (1)
women 1.1 (1), 1.2 (1), 3.1 (2), 4.3 (1) women’s 4.4 (1)
woods 1.4 (6), 4.2 (1), 4.4 (2)
word 2.2 (5), 2.4 (2)
words 2.2 (5)
work 1.1 (6), 1.2 (10), 2.2 (2), 2.3 (6),
2.4 (1), 3.1 (3), 3.2 (1), 3.4 (1),
4.1 (4)
working 1.1 (1), 1.4 (1), 2.4 (1)
works 1.1 (4), 1.2 (1), 2.3 (4)
worse 3.4 (3)
worst 3.4 (3)
would 2.4 (30), 2.5 (2), 3.1 (2), 3.3 (1),
3.4 (7), 3.5 (7), 4.1 (3), 4.3 (7),
4.4 (4), 4.5 (4)
write 2.3 (1), 2.4 (2), 3.1 (1)
writes 2.3 (1)
writing 2.1 (5), 4.1 (1)
wrote 2.1 (3), 2.2 (4), 2.4 (5), 3.4 (2),
4.4 (1)
year 2.1 (1), 3.1 (5), 3.2 (3), 4.1 (1)
years 1.3 (2), 2.1 (1), 2.4 (1), 3.3 (1), 4.1 (1)
yellow 3.3 (2)
yen 3.2 (12)
yes 1.1 (1), 1.2 (1), 1.3 (6), 1.4 (4),
2.1 (5), 2.2 (4), 2.3 (8), 2.4 (12), 2.5 (5), 3.1 (10), 3.2 (5), 3.3 (4), 3.4 (7), 3.5 (3), 4.1 (15), 4.2 (3), 4.3 (4), 4.4 (2), 4.5 (4)
yesterday 2.1 (8), 2.2 (8), 3.4 (1), 4.3 (1), 4.4 (1)
you 1.1 (16), 1.2 (13), 1.3 (9), 1.4 (7), 1.5 (4), 2.1 (25), 2.2 (25), 2.3 (28),
2.4 (40), 2.5 (10), 3.1 (8), 3.2 (8), 3.3 (21), 3.4 (20), 3.5 (13), 4.1 (27), 4.2 (4), 4.3 (21), 4.4 (8), 4.5 (15)
you’re 1.2 (4), 1.3 (1), 1.5 (1), 2.2 (3), 2.3 (2), 2.4 (1), 2.5 (2), 3.3 (2),
3.5 (2), 4.4 (1) young 2.3 (2), 4.1 (1)
younger 2.1 (1)
your 1.2 (2), 1.3 (12), 1.4 (1), 2.1 (3),
2.3 (5), 2.4 (5), 2.5 (1), 3.1 (3), 3.2 (7), 3.3 (7), 3.4 (6), 3.5 (2), 4.2 (3), 4.3 (1), 4.4 (2)
zoo 4.2 (5)
