a 1.1 (16), 1.2 (18), 1.3 (18), 1.4 (37), 1.5 (4), 2.1 (10), 2.2 (31), 2.3 (12), 2.4 (18), 2.5 (1), 3.1 (10), 3.2 (33), 3.3 (30), 3.4 (52), 3.5 (2), 4.1 (29),
4.2 (26), 4.3 (17), 4.4 (23), 4.5 (3) able 2.4 (1), 3.1 (4), 3.2 (2)
about 2.2 (11), 2.5 (2), 4.1 (6), 4.2 (7), 4.3 (12), 4.4 (3)
add 3.4 (7)
added 3.4 (1)
adding 3.4 (5)
address 4.3 (1)
adults 4.1 (1)
afraid 2.2 (3), 2.4 (6)
Africa 2.2 (7), 2.3 (7), 2.4 (3), 4.3 (4) after 1.2 (2), 1.4 (1), 4.3 (1), 4.4 (1) afternoon 2.5 (2), 4.3 (1), 4.4 (1)
again 4.3 (13)
ago 2.2 (11), 2.5 (3), 3.1 (4), 4.1 (1) agree 4.2 (4)
airplane 1.1 (1)
airport 3.1 (1), 3.2 (1)
Alex 4.3 (2)
all 2.1 (1), 2.3 (1), 3.1 (1), 4.3 (2),
4.4 (1)
almost 3.3 (10), 4.4 (3), 4.5 (1)
already 2.2 (5), 3.1 (5), 3.2 (1), 3.3 (2), 3.4 (1)
also 4.2 (11), 4.4 (1), 4.5 (1) although 2.1 (4)
always 1.3 (7), 3.2 (2)
am 2.2 (1), 3.3 (2) American 4.1 (6), 4.2 (1), 4.5 (1) Americans 4.1 (1), 4.5 (1)
an 1.1 (1), 1.4 (4), 1.5 (1), 2.3 (3), 2.4 (5), 3.2 (6), 4.1 (9), 4.2 (2),
4.3 (1), 4.4 (1) ancient 4.2 (3)
and 1.1 (2), 1.2 (4), 1.3 (6), 1.4 (4), 2.1 (3), 2.2 (1), 2.3 (3), 2.4 (4),
3.1 (10), 3.2 (2), 3.3 (4), 3.4 (10), 4.1 (2), 4.2 (6), 4.3 (6), 4.4 (5), 4.5 (1)
animal 2.2 (1), 2.3 (2), 2.4 (2), 3.4 (1), 4.3 (1)
animals 1.3 (1), 2.2 (1), 2.3 (2), 2.4 (1), 4.3 (2)
answering 4.1 (1)
Antarctica 2.2 (3), 2.3 (2), 2.4 (1), 4.2 (1) Anthony 3.1 (1)
any 3.1 (7), 3.2 (1), 4.1 (2)
apple 1.1 (1), 1.5 (1), 2.3 (2), 3.3 (2) apples 1.1 (1), 3.3 (1), 3.4 (1)
Arabic 4.2 (1)
Arctic 2.3 (4)
are 1.1 (6), 1.2 (14), 1.3 (5), 1.4 (6),
1.5 (3), 2.1 (17), 2.2 (8), 2.3 (7),
arm arrive arrived arriving art
as Asia ask at
ate
Atlantic Ocean ATM
Australia Australian baby
baby’s backpack backpacks bad
bake baked baking ball
balls banana bananas bandage bandages bank Barcelona bath bathroom bathtub be
beach
bean beautiful
because
bed bedroom been
before began
2.4 (22), 2.5 (3), 3.1 (10), 3.2 (8), 3.3 (5), 3.4 (10), 3.5 (2), 4.1 (17), 4.2 (5), 4.3 (16), 4.4 (34), 4.5 (6) 1.4 (8), 2.1 (1)
2.3 (1), 4.3 (1) 2.3 (1)
3.1 (1), 4.1 (1) 2.1 (4), 3.1 (2) 3.3 (5)
2.2 (9), 2.4 (2), 4.1 (2)
3.2 (1)
1.1 (1), 1.3 (3), 1.5 (2), 2.1 (1), 2.2 (6), 2.3 (1), 2.4 (1), 3.1 (3), 3.2 (3), 3.3 (7), 3.4 (3), 4.2 (4), 4.3 (3), 4.4 (1)
2.2 (1), 3.3 (1), 4.3 (3), 4.4 (2) 2.3 (4)
3.2 (8)
2.2 (4), 2.3 (3), 2.4 (1), 4.4 (1) 4.1 (1)
1.2 (1), 1.4 (1), 2.1 (2), 2.2 (5), 2.3 (1), 3.3 (1), 4.2 (1), 4.3 (3) 1.4 (1)
3.2 (15)
3.2 (1)
1.2 (1), 1.3 (1)
3.4 (1), 4.3 (1)
3.4 (1), 4.2 (1)
3.4 (7)
1.1 (14), 2.2 (2), 2.3 (1), 3.1 (3), 3.3 (3), 4.2 (3)
2.4 (1)
3.4 (5)
3.4 (3)
1.4 (8), 1.5 (2)
1.4 (2)
3.2 (2)
1.4 (1)
1.2 (5)
1.2 (1), 3.4 (1)
1.2 (4)
1.3 (1), 1.4 (9), 2.1 (1), 2.2 (1), 2.4 (2), 2.5 (1), 3.1 (5), 3.2 (6), 3.4 (2), 4.1 (1), 4.2 (2), 4.4 (2) 1.3 (1), 1.4 (2), 2.3 (2), 3.2 (2), 3.4 (1)
3.3 (1)
2.4 (9), 2.5 (1), 4.3 (1), 4.4 (3), 4.5 (1)
1.1 (6), 1.3 (2), 2.1 (6), 2.2 (4), 3.1 (5), 3.3 (2), 4.3 (1), 4.4 (9) 1.1 (3), 2.1 (1)
1.2 (5), 1.3 (2), 3.5 (1)
2.2 (16), 2.5 (2), 3.5 (2), 4.1 (2), 4.3 (13), 4.4 (2)
1.3 (1), 2.2 (1), 3.1 (1), 4.2 (1) 3.1 (1), 4.2 (1)
40
begins 4.2 (1)
behind 1.1 (2), 1.2 (1), 3.2 (2)
Beijing 4.2 (1)
believe 4.1 (2)
beside 1.1 (2), 1.2 (3), 2.3 (2), 3.2 (1) best 4.2 (3)
better 1.1 (1), 1.3 (2), 2.1 (3), 2.4 (1),
3.2 (1), 4.1 (1) between 2.3 (6)
bicycle 1.1 (5), 1.4 (6), 2.2 (1), 3.2 (1), 3.3 (1), 3.4 (1), 4.3 (3)
big 2.3 (2), 2.4 (1), 3.2 (1), 3.3 (2), 4.4 (1)
bigger 2.3 (1), 2.4 (1), 3.2 (2)
bird 2.4 (6)
birds 2.4 (6)
birthday 3.4 (1), 4.2 (1), 4.4 (1)
black 1.1 (1), 1.3 (2), 2.4 (1), 3.2 (1) blue 1.1 (1), 1.3 (3), 2.1 (10), 3.4 (1) book 1.1 (1), 2.2 (3), 2.4 (1), 3.1 (5),
3.2 (2), 4.2 (5), 4.3 (4)
books 3.1 (4), 3.2 (2), 3.3 (1), 3.4 (1),
4.3 (1)
boring 3.1 (8), 3.2 (1), 3.5 (1)
born 2.2 (9), 2.5 (2), 4.2 (2), 4.3 (1) bought 2.3 (1), 3.1 (1), 4.1 (1), 4.2 (1),
4.3 (2) bowl 1.2 (1) bowls 1.2 (1)
box 3.2 (5), 3.3 (1), 3.4 (1), 3.5 (2) boy 1.1 (7), 1.2 (3), 1.3 (2), 1.4 (1),
2.1 (4), 2.2 (1), 3.3 (2), 3.4 (3) boy’s 1.4 (2), 3.4 (1)
boyfriend 3.1 (7), 3.3 (1), 4.2 (1), 4.3 (1) boys 1.3 (1), 3.4 (1), 4.4 (1)
Brazil 1.3 (1), 2.2 (1), 2.3 (1), 4.3 (1) Brazilians 4.1 (1)
bread 3.3 (2), 3.4 (2) breakfast 1.4 (1), 3.1 (1) bridge 2.2 (3) briefcase 3.2 (9)
bring 1.5 (2), 3.2 (3), 4.1 (4), 4.3 (3) broken 1.1 (4), 1.5 (2), 4.3 (1)
brother 3.2 (1), 3.3 (1), 4.2 (2) brothers 1.2 (1)
brought 2.1 (2), 4.1 (4) brown 1.1 (1), 2.4 (2) brush 1.4 (1), 3.4 (1) brushing 3.1 (1) Buddhist 4.4 (2)
build 2.2 (1), 3.4 (1), 4.4 (1)
building 2.2 (14), 2.3 (1), 3.1 (2), 3.3 (3),
4.1 (2), 4.2 (2)
built 2.2 (1), 2.3 (1), 2.5 (1), 4.2 (4)
bus 1.3 (1), 1.4 (1), 3.2 (1), 4.3 (1) business 4.4 (6)
businessman 4.2 (3)
businessmen 4.2 (2), 4.4 (2)
businesswoman 4.2 (4)
businesswomen 4.2 (2), 4.4 (1)
but 1.3 (5), 2.2 (1), 2.3 (1), 2.4 (9),
2.5 (1), 3.1 (5), 3.2 (16), 3.3 (2), 3.4 (3), 4.1 (2), 4.2 (1), 4.3 (3), 4.4 (2), 4.5 (2)
butter 3.4 (1)
buy 1.1 (1), 1.3 (1), 2.1 (4), 3.1 (1),
3.2 (6), 3.4 (1), 4.3 (2), 4.5 (2) buying 1.3 (1), 2.1 (1), 3.4 (1), 4.1 (2)
by 3.3 (4), 4.2 (1)
cafe 3.1 (1)
cake 1.1 (1), 2.1 (2), 3.2 (2), 3.3 (5),
3.4 (4), 4.2 (3), 4.3 (3) call 1.4 (1), 4.2 (1), 4.3 (4)
called 4.2 (11), 4.3 (2), 4.5 (2) camel 2.4 (2)
camels 2.4 (2)
camera 3.2 (2)
cameras 1.1 (1)
camp 1.3 (1), 2.4 (2)
can 1.1 (1), 1.2 (5), 2.1 (8), 2.3 (3),
2.4 (12), 2.5 (5), 3.1 (1), 3.2 (16), 3.4 (3), 4.1 (1), 4.2 (1), 4.3 (3), 4.4 (2), 4.5 (3)
can’t 2.3 (1), 2.4 (3), 2.5 (1), 3.1 (1), 3.2 (1), 4.3 (6)
car 1.1 (3), 1.2 (1), 1.3 (1), 1.4 (2),
2.1 (3), 2.4 (1), 2.5 (3), 3.1 (1),
3.2 (1), 4.1 (2), 4.2 (2) card 3.2 (1)
careful 1.4 (9), 2.4 (1), 3.4 (1) carrot 3.3 (1)
carrots 3.2 (1)
carry 3.2 (10), 4.3 (1) carrying 3.2 (4), 4.1 (2), 4.4 (1) cars 2.3 (1), 4.3 (2)
cash 3.2 (1)
cat 1.1 (1), 1.2 (2), 2.3 (2), 2.4 (3),
4.2 (1)
catch 1.1 (2), 2.2 (2)
catches 3.1 (1) catching 1.1 (2) Catherine 2.5 (1)
caught 1.1 (2), 4.2 (3) ceiling 1.2 (4) celebrate 4.4 (2), 4.5 (2) celebrated 4.4 (4) celebrating 4.4 (14)
cell 1.1 (1)
chair 1.2 (1)
chairs 2.1 (1), 4.3 (1)
cheese 3.3 (6)
chicken 1.2 (1), 2.4 (1), 3.3 (1), 3.4 (1) chickens 2.4 (3)
child 2.2 (1), 4.1 (1), 4.2 (1), 4.3 (1)
41
children 1.1 (1), 1.5 (1), 2.1 (1), 2.4 (1), 3.3 (1), 4.1 (1), 4.3 (3)
China 2.2 (1), 2.3 (2), 3.1 (1), 4.3 (2) Chinese 2.1 (1), 3.1 (3), 3.2 (2), 4.1 (6),
4.2 (2), 4.4 (1), 4.5 (1) chocolate 1.3 (2), 3.2 (1)
choosing 3.4 (8)
chose 3.4 (2)
Christian 4.4 (3)
church 4.1 (2), 4.2 (1), 4.4 (1) churches 4.4 (1)
city 4.2 (1), 4.4 (4), 4.5 (1)
clean 1.2 (13), 1.3 (1), 3.1 (2), 3.2 (2),
4.3 (1)
cleaned 1.2 (1), 3.1 (2)
cleaner 3.1 (1)
cleaning 1.2 (13), 2.2 (3), 3.1 (1)
climb 1.1 (4), 2.1 (1)
climbing 1.1 (8), 1.4 (2), 4.1 (1)
clock 1.1 (2), 3.3 (1)
closed 4.4 (1)
clothes 1.2 (2), 3.1 (3), 4.1 (3)
coat 1.4 (1), 3.1 (2)
coats 2.4 (1)
coffee 1.3 (2), 1.4 (1), 2.1 (1), 3.4 (1),
4.3 (2)
cold 1.3 (4), 2.1 (1), 3.4 (4)
college 3.1 (2), 4.3 (1), 4.4 (1) color 3.1 (2), 4.2 (1)
come 1.2 (1)
coming 1.4 (1), 1.5 (2), 2.1 (4) companies 4.2 (1)
company 4.2 (8)
computer 1.1 (4), 4.3 (3)
computers 4.3 (1)
concert 4.4 (1)
condolences 2.2 (4)
congratulations 2.2 (6), 4.2 (3)
continent 2.2 (13), 4.2 (1)
continents 2.3 (1)
cook 3.1 (1), 4.2 (1), 4.3 (1)
cooking 3.4 (1), 4.1 (1)
cooks 3.1 (1)
cost 3.2 (2), 3.3 (3), 4.3 (1), 4.5 (2) costs 2.1 (1), 3.2 (1), 3.3 (3), 4.3 (1) costume 2.1 (1), 4.4 (1)
couch 1.2 (7), 3.3 (1), 3.4 (1) counted 3.3 (2)
counter 1.2 (5), 2.1 (2), 3.2 (1), 3.3 (1) counting 3.3 (3)
country 2.2 (6), 4.2 (1)
cow 2.4 (1)
cows 2.4 (3)
cup 3.4 (2)
cups 1.2 (1), 2.5 (1), 3.4 (7) currency 3.2 (6)
cut 3.3 (9), 3.4 (2)
cutting 3.3 (1), 3.4 (1)
dad 2.4 (1)
Dad 3.1 (1)
dance 1.1 (2), 1.3 (1), 4.4 (1) danced 1.4 (1)
dances 2.1 (1)
dancing 1.1 (1), 3.1 (1), 4.1 (1), 4.4 (1) dangerous 2.4 (17), 3.1 (2), 3.5 (2)
Daniel 3.1 (2)
daughter 1.1 (1), 2.2 (1), 2.5 (2), 3.1 (1),
4.2 (1), 4.3 (1)
day 1.4 (10), 2.3 (1), 3.4 (1)
days 2.2 (1), 4.4 (1)
dead 2.2 (2)
degrees 1.4 (6), 3.3 (2), 3.4 (1)
delayed 2.3 (1), 4.3 (1)
depart 2.3 (1)
departed 2.3 (1)
departs 1.4 (3), 2.1 (1)
desert 2.3 (5), 2.4 (1), 3.1 (1), 3.2 (2),
4.1 (1)
dessert 2.1 (2), 4.1 (1), 4.3 (1)
dictionary 3.2 (1)
did 1.1 (1), 1.2 (2), 1.4 (1), 2.3 (11),
3.1 (6), 3.2 (1), 3.5 (1), 4.1 (7),
4.2 (2), 4.3 (5), 4.4 (6), 4.5 (3) didn’t 1.1 (5), 1.2 (1), 1.4 (1), 2.1 (1),
2.2 (1), 4.2 (4), 4.3 (2), 4.5 (1) died 2.2 (5)
different 4.2 (1), 4.4 (1), 4.5 (1)
difficult 1.1 (14), 1.3 (1)
dinner 1.4 (1), 3.4 (1), 4.1 (1), 4.2 (1),
4.3 (2), 4.4 (2) dirtier 2.4 (1)
dirty 1.2 (2), 2.1 (1), 2.4 (1)
disagree 4.2 (6)
discovered 4.2 (6)
dishes 1.2 (12), 1.3 (1), 3.2 (1), 4.3 (1) dishwasher 1.2 (6), 2.1 (1), 3.1 (1)
do 1.1 (12), 1.2 (2), 1.3 (4), 1.4 (6), 1.5 (2), 2.1 (11), 2.3 (2), 2.4 (1),
3.1 (9), 3.2 (6), 3.3 (8), 3.4 (6), 3.5 (2), 4.1 (2), 4.2 (7), 4.3 (7), 4.4 (2), 4.5 (3)
doctor 1.4 (1), 2.3 (1), 3.4 (1) Doctor 1.4 (1)
doctor’s 1.4 (1)
Dodd 4.2 (1)
does 1.1 (9), 3.1 (2), 3.2 (1), 3.5 (1), 4.3 (1)
doesn’t 1.1 (6), 1.3 (1), 2.1 (3), 2.2 (1), 3.1 (1)
dog 1.3 (1), 2.1 (2), 2.3 (7), 2.4 (3), 3.3 (1), 4.2 (2)
dogs 1.3 (1), 2.1 (1)
doing 2.2 (1), 3.1 (1), 3.3 (1), 3.4 (1) dollars 3.2 (11), 3.3 (3), 4.3 (2), 4.5 (2)
42
don’t 1.1 (3), 1.5 (2), 2.1 (9), 2.3 (1), 2.4 (5), 3.1 (5), 3.2 (4), 3.3 (1),
3.5 (2), 4.3 (6), 4.5 (1)
door 1.3 (1), 3.2 (1), 3.4 (1), 3.5 (2)
downtown 3.1 (1)
dress 1.1 (1), 1.3 (2), 2.1 (3), 2.4 (2),
3.2 (1), 3.3 (1)
drink 1.3 (3), 1.4 (1), 2.4 (2)
drinking 3.1 (1), 4.2 (1)
drive 1.1 (1), 1.4 (1), 4.3 (2)
driven 2.2 (1), 4.2 (1)
drove 2.3 (1)
drums 2.3 (1)
drunk 3.3 (1)
duck 2.4 (3)
ducks 2.4 (3)
during 4.4 (9)
e-mails 4.1 (1)
each 1.1 (11), 2.3 (1), 3.1 (3), 4.1 (1),
4.2 (1) ear 1.4 (4)
early 1.3 (2), 3.1 (1) ears 1.4 (1)
east 2.3 (5)
eastern 4.3 (2)
easy 1.1 (10), 1.3 (1)
eat 1.1 (1), 1.3 (4), 2.2 (1), 2.5 (1),
3.1 (2), 3.4 (2), 4.1 (1), 4.3 (2),
4.4 (1)
eaten 3.1 (3), 4.3 (2)
eating 1.1 (1), 2.1 (1), 3.1 (1), 3.2 (2), 3.3 (4), 3.4 (1), 4.3 (1)
eats 1.4 (1)
eggs 3.2 (1), 3.4 (1), 4.3 (1)
Egypt 2.2 (1), 2.3 (1), 4.2 (2) Egyptian 4.1 (4), 4.2 (1)
eight 1.4 (1), 3.2 (1), 3.3 (2), 4.2 (1),
4.3 (1) eighteen 4.4 (1)
eighty 1.4 (1), 3.2 (2), 3.3 (2), 4.3 (1) elbow 1.4 (3)
elbows 1.4 (2)
election 4.1 (10)
elephant 2.4 (2), 4.4 (1)
elephants 2.4 (2)
eleven 1.3 (1), 2.2 (1), 3.3 (1)
Emily 3.1 (1)
empty 1.2 (6), 2.3 (1), 3.2 (2)
ended 4.1 (1)
English 2.1 (1), 2.2 (3), 3.1 (3), 3.2 (3),
3.5 (1), 4.2 (12), 4.3 (2), 4.4 (1),
4.5 (4)
enough 2.1 (12), 2.5 (2), 3.1 (1), 3.2 (7),
3.3 (2), 3.5 (2), 4.3 (8) Europe 2.2 (7), 2.3 (2), 4.1 (2)
euros 3.2 (9) evening 3.4 (1)
ever 4.3 (5)
everyone 2.1 (12), 2.5 (1), 3.3 (1), 4.1 (2) everything 2.1 (8)
exchange 3.2 (10)
exchanged 3.2 (1)
excuse 2.3 (2), 2.4 (2), 3.2 (4)
exercise 1.3 (6)
exercises 1.3 (1), 3.2 (1)
exercising 1.3 (5), 3.1 (2), 4.2 (1) expensive 1.3 (1), 2.1 (1), 3.2 (1)
eye 1.4 (3)
eyes 1.4 (3)
face 1.1 (1), 1.2 (1)
fall 1.3 (1), 3.1 (1), 3.5 (1), 4.4 (1) falling 1.4 (5), 2.1 (1)
families 2.2 (1)
family 1.5 (1), 2.2 (1), 2.5 (2), 3.2 (4),
4.1 (1), 4.4 (2) famous 1.3 (1), 3.1 (1)
far 4.3 (1)
fast 2.4 (1)
faster 1.3 (1)
father 1.1 (3), 2.2 (1), 3.2 (1), 4.2 (2) feet 3.3 (15)
fell 1.4 (9), 1.5 (1), 2.1 (1), 2.2 (1) fence 1.1 (15), 1.4 (3)
fifteen 2.2 (2), 3.3 (1)
fifty 2.2 (2), 3.1 (2), 3.3 (3), 3.4 (1) fighting 4.1 (2)
finally 2.3 (2), 3.4 (2)
find 1.3 (2), 2.1 (1), 2.2 (1), 2.4 (1),
3.1 (2), 3.2 (1), 3.5 (1), 4.3 (1) fine 3.5 (1), 4.3 (1), 4.4 (1)
finger 1.4 (1)
finish 2.2 (4)
finished 2.2 (5), 4.1 (1), 4.4 (3)
fire 2.3 (5)
first 2.3 (1), 3.2 (1), 3.4 (2), 4.5 (1) fish 2.1 (2), 3.3 (1), 3.4 (3), 4.3 (1),
4.4 (1)
fit 1.3 (1), 3.5 (1)
fits 2.1 (1), 3.2 (1), 3.5 (1)
five 2.1 (2), 2.2 (3), 2.5 (1), 3.1 (2), 3.2 (3), 3.3 (5), 3.4 (2), 4.3 (1),
4.4 (1) flag 4.1 (2)
flags 4.1 (3), 4.5 (3)
flashlight 3.4 (4), 3.5 (2)
flight 1.4 (1), 2.1 (2), 2.3 (3), 4.3 (1),
4.4 (1)
floor 1.2 (18), 1.3 (2), 1.4 (1), 1.5 (4),
2.1 (1), 3.2 (1), 3.3 (1), 4.3 (1) flour 3.4 (4)
flower 1.1 (1)
flowers 1.1 (3), 2.1 (1), 2.3 (4), 3.2 (1),
3.3 (1) fly 2.4 (4)
43
flying 2.4 (4)
food 4.1 (13), 4.3 (2), 4.4 (2)
for 1.3 (7), 1.4 (2), 2.1 (12), 2.2 (13),
2.3 (1), 2.5 (2), 3.1 (11), 3.2 (13), 3.3 (2), 3.4 (8), 3.5 (3), 4.1 (7), 4.2 (14), 4.3 (8), 4.4 (4), 4.5 (3)
forest 2.3 (5), 2.4 (2), 3.2 (2) forget 4.3 (1)
forgot 4.3 (11)
forgotten 4.3 (2)
fork 3.2 (1)
forks 2.1 (2)
forty 3.3 (2), 4.4 (1)
fought 4.1 (1)
found 1.3 (2), 2.2 (1), 4.2 (1)
four 1.4 (1), 2.1 (1), 2.2 (1), 3.1 (1),
3.2 (1), 3.3 (1), 3.4 (1), 4.3 (1),
4.4 (1)
France 1.3 (1), 2.2 (1), 2.3 (5)
frank 4.3 (2)
free 4.3 (2)
French 4.1 (7), 4.2 (2), 4.3 (1)
fresh 3.4 (7)
Friday 4.3 (2)
friend 2.1 (2), 3.1 (1), 3.3 (1), 4.4 (1) friends 2.1 (1), 3.1 (2), 4.3 (1)
frog 2.4 (5), 4.2 (1)
from 1.3 (2), 1.5 (1), 2.2 (1), 2.3 (2),
2.4 (4), 3.4 (1), 4.4 (1), 4.5 (2) front 4.1 (1)
frozen 3.4 (4)
fruit 3.2 (2), 3.3 (1), 4.4 (1)
full 1.2 (6), 2.3 (1), 3.2 (2)
funeral 2.2 (6)
game 1.3 (1), 1.5 (1), 2.1 (3), 2.2 (1),
3.1 (4), 3.2 (1), 4.1 (6), 4.3 (1),
4.4 (4)
games 2.1 (2), 3.1 (1), 4.4 (1)
garden 1.1 (7), 3.2 (1), 3.4 (2) gas 4.3 (1)
gave 2.3 (1)
German 4.1 (5)
Germans 4.1 (1)
Germany 2.3 (4), 4.1 (1), 4.3 (1)
get 2.2 (1), 3.1 (1), 3.4 (1), 4.4 (1) gets 3.2 (1)
getting 2.2 (4), 4.2 (1)
girl 1.1 (6), 1.2 (2), 1.3 (1), 1.4 (2),
2.1 (5), 2.2 (1), 2.3 (3), 3.1 (1),
3.3 (3), 3.4 (4), 4.1 (1), 4.3 (2) girl’s 1.4 (2)
girlfriend 3.1 (8), 3.3 (1), 4.2 (1), 4.4 (1) girlfriends 3.1 (1)
girls 1.1 (2), 1.3 (2)
give 3.2 (3), 3.4 (2)
gives 3.2 (1) giving 3.3 (1)
glass 1.2 (6), 1.4 (1), 2.3 (1), 2.4 (2), 3.4 (1) glasses 1.2 (3), 2.1 (2), 2.3 (1), 3.4 (2),
4.3 (1)
go 1.1 (1), 1.3 (3), 1.4 (1), 2.1 (2),
3.1 (3), 3.2 (3), 4.1 (1), 4.3 (3),
4.4 (32), 4.5 (2) goes 3.2 (1)
going 1.1 (4), 1.2 (8), 1.4 (2), 1.5 (1), 2.1 (4), 2.2 (3), 2.4 (1), 3.1 (8), 3.2 (2), 3.3 (1), 4.1 (5), 4.2 (1),
4.3 (1), 4.4 (10)
golf 1.3 (2), 2.2 (1), 3.1 (2)
good 1.2 (1), 1.3 (4), 1.4 (2), 2.4 (4), 2.5 (2), 3.1 (2), 3.3 (1), 3.4 (1),
4.1 (1), 4.2 (1), 4.4 (2) goodbye 1.4 (2)
got 2.2 (3), 4.1 (1)
grandfather 1.1 (1), 2.2 (1), 2.5 (1) grandmother 2.2 (3), 3.3 (1), 4.2 (1), 4.3 (2) grandpa 2.4 (1)
grandparents 2.2 (1)
grass 2.1 (1), 2.3 (1)
gray 1.1 (1), 1.3 (2)
green 1.2 (1), 2.1 (2)
grocery 1.2 (1), 3.4 (1), 4.3 (1)
grow 2.3 (4), 3.2 (1)
growing 2.3 (3)
grows 2.3 (1)
guests 2.1 (1)
guitar 1.1 (1), 1.3 (3), 2.1 (2), 2.3 (1),
3.1 (1), 4.2 (1) had 3.2 (11)
hair 3.1 (2)
half 3.3 (12), 3.4 (2)
hammer 3.4 (8)
hammers 3.4 (1)
hands 1.4 (1), 2.3 (1), 3.1 (1)
happened 1.4 (11), 1.5 (1), 2.4 (1), 2.5 (1),
4.1 (5)
happy 2.1 (2), 2.2 (3), 3.3 (1)
has 1.3 (1), 1.4 (4), 2.1 (5), 2.2 (5), 2.5 (2), 3.1 (8), 3.2 (3), 3.3 (1), 3.4 (2), 4.1 (2), 4.2 (1), 4.3 (5),
4.4 (2)
hat 1.1 (1), 3.1 (1), 4.1 (1), 4.3 (2)
have 1.1 (5), 1.2 (6), 1.4 (8), 1.5 (3), 2.1 (7), 2.2 (17), 2.3 (3), 3.1 (17),
3.2 (16), 3.3 (4), 3.4 (5), 3.5 (6),
4.1 (3), 4.2 (5), 4.3 (26), 4.4 (9) he 1.1 (6), 1.3 (1), 1.4 (4), 2.1 (5), 2.2 (9), 2.3 (9), 2.4 (1), 2.5 (2), 3.1 (8), 3.2 (6), 3.3 (1), 3.4 (1),
4.1 (8), 4.2 (3), 4.3 (6), 4.4 (3) he’s 1.1 (8), 1.2 (4), 1.3 (7), 1.4 (4), 2.1 (3), 2.2 (3), 2.4 (3), 2.5 (1),
3.1 (4), 3.2 (2), 3.4 (12), 4.1 (4), 4.2 (6)
44
head 1.4 (7)
heads 4.4 (1)
hello 3.5 (2), 4.5 (2)
help 1.5 (2), 2.1 (3), 2.5 (1), 3.4 (1) helped 3.1 (1)
helping 1.1 (1)
her 1.1 (1), 1.3 (1), 1.4 (4), 2.1 (3),
2.2 (2), 2.3 (2), 2.5 (2), 3.1 (5), 3.2 (2), 3.3 (2), 3.4 (3), 4.2 (5), 4.3 (8)
here 1.1 (4), 1.3 (7), 1.5 (1), 2.1 (1), 2.2 (1), 2.3 (4), 2.4 (2), 2.5 (4), 3.1 (4), 3.2 (7), 3.3 (1), 3.4 (2), 3.5 (1), 4.1 (3), 4.3 (7), 4.4 (3),
4.5 (3)
hers 2.3 (4), 2.4 (1)
hi 4.4 (1)
him 2.1 (1), 2.2 (3), 2.3 (1), 3.1 (5),
3.2 (1), 4.1 (2), 4.2 (1), 4.3 (2) Hindu 4.4 (4)
his 1.1 (4), 1.2 (1), 1.3 (2), 1.4 (10), 2.1 (2), 2.2 (2), 2.3 (8), 2.4 (1), 3.1 (7), 3.2 (4), 3.3 (1), 3.4 (1),
4.1 (1), 4.2 (4), 4.3 (4), 4.4 (4) history 2.2 (1), 3.1 (1)
hold 2.3 (4), 2.5 (2), 3.2 (2)
holding 2.3 (7), 3.3 (2), 3.4 (2), 4.1 (1) holiday 4.4 (14)
holidays 4.4 (3)
home 1.2 (1), 1.3 (1), 2.5 (2), 3.1 (1),
4.4 (1)
hope 2.2 (8), 2.4 (3), 3.5 (1)
hopes 2.2 (1), 2.4 (2)
horse 1.1 (1), 1.4 (2), 2.4 (2), 4.4 (1) horses 2.4 (2)
hospital 2.2 (3), 3.2 (1), 4.1 (1)
hot 1.3 (1), 2.1 (1), 2.4 (1), 3.3 (1),
3.4 (4) hotel 4.1 (1) hour 3.4 (1)
hours 1.4 (1), 2.2 (1), 4.1 (1)
house 1.1 (1), 2.1 (3), 2.2 (6), 2.3 (3), 2.5 (2), 3.1 (1), 3.3 (1), 3.5 (2),
4.2 (2), 4.3 (1) houses 4.4 (1)
how 2.1 (5), 2.2 (4), 2.5 (1), 3.1 (3), 3.2 (2), 3.3 (20), 3.4 (3), 3.5 (2), 4.1 (1), 4.2 (2), 4.3 (13), 4.4 (2),
4.5 (2) hugging 1.1 (1)
hundred 1.4 (3), 2.2 (2), 3.2 (2), 3.3 (4), 3.4 (2), 4.3 (2)
hungry 1.3 (1), 2.3 (1), 3.2 (3), 4.3 (1) hurt 1.4 (12), 2.1 (1), 2.4 (1)
hurts 1.4 (13), 1.5 (1), 4.3 (1) husband 2.5 (1), 3.1 (2), 3.2 (1), 4.3 (1)
1.1 (13), 1.2 (14), 1.3 (17), 1.4 (23),
1.5 (7), 2.1 (21), 2.2 (16), 2.3 (16), 2.4 (3), 2.5 (3), 3.1 (39), 3.2 (37), 3.3 (18), 3.4 (9), 3.5 (6), 4.1 (10), 4.2 (25), 4.3 (47), 4.4 (19), 4.5 (8)
I’m 1.1 (4), 1.2 (16), 1.3 (5), 1.4 (3), 2.1 (2), 2.2 (6), 2.3 (4), 2.4 (2),
2.5 (1), 3.2 (7), 3.3 (4), 3.4 (12), 3.5 (1), 4.1 (6), 4.2 (5), 4.3 (10), 4.4 (17), 4.5 (2)
ice 2.3 (4), 2.4 (1)
if 2.1 (8), 3.1 (11), 3.2 (15), 3.4 (1),
4.5 (1) important 3.1 (15), 4.1 (1)
in 1.1 (4), 1.2 (7), 1.3 (12), 1.4 (2),
2.1 (16), 2.2 (28), 2.3 (19), 2.4 (11),
3.1 (9), 3.2 (22), 3.3 (4), 3.4 (9), 3.5 (4), 4.1 (16), 4.2 (29), 4.3 (15), 4.4 (15), 4.5 (4)
inches 3.3 (2), 3.4 (1)
India 4.1 (4), 4.3 (1), 4.4 (2)
Indian 2.3 (4), 4.1 (4), 4.3 (2), 4.4 (2) insect 2.4 (6), 3.5 (2)
insects 2.4 (1)
inside 1.1 (1), 1.3 (3), 2.5 (1) instruments 1.3 (1), 2.3 (1), 4.2 (1) interesting 3.1 (11), 3.2 (1), 3.5 (1), 4.1 (1),
4.2 (1), 4.3 (2), 4.4 (1) Internet 4.1 (5)
into 3.2 (2), 3.3 (3)
is 1.1 (36), 1.2 (40), 1.3 (39), 1.4 (12),
1.5 (3), 2.1 (50), 2.2 (30), 2.3 (63), 2.4 (45), 2.5 (9), 3.1 (53), 3.2 (27), 3.3 (52), 3.4 (36), 3.5 (11), 4.1 (33), 4.2 (27), 4.3 (14), 4.4 (22), 4.5 (2)
island 4.2 (1)
it 1.1 (9), 1.2 (1), 1.3 (1), 1.4 (2),
1.5 (2), 2.1 (5), 2.2 (5), 2.3 (8), 2.4 (8), 2.5 (6), 3.1 (13), 3.2 (15), 3.4 (3), 4.2 (7), 4.3 (16), 4.4 (3), 4.5 (4)
it’s 1.1 (20), 1.3 (7), 1.4 (4), 1.5 (2), 2.1 (1), 2.2 (5), 2.3 (12), 2.4 (21),
2.5 (2), 3.1 (4), 3.2 (13), 3.3 (8), 3.4 (1), 4.2 (2), 4.3 (1), 4.4 (5), 4.5 (1)
Italian 4.1 (5), 4.5 (1)
Italians 4.1 (1)
Italy 2.2 (1), 2.3 (1), 4.3 (4), 4.4 (1) its 4.4 (1)
Jane 4.2 (1)
Japan 2.3 (1), 3.2 (1), 4.1 (1), 4.3 (1),
4.4 (3) Japanese 4.1 (3), 4.4 (1)
jeans 3.2 (2) Jennifer 4.3 (2)
jewelry 3.4 (1), 4.1 (1) Jewish 4.4 (7)
45
Joel 4.4 (1)
Johann 3.5 (2)
John 1.4 (1), 2.1 (1), 3.1 (3), 4.2 (1) Jones 4.1 (2)
juice 1.2 (2), 3.3 (1), 3.4 (1)
Julia 2.5 (1), 3.1 (2)
July 2.2 (1)
jump 1.1 (3)
jumped 1.1 (1), 1.4 (1)
jumping 1.1 (9), 2.1 (2)
key 3.5 (3)
keys 2.1 (1), 2.4 (1), 4.3 (2)
king 4.1 (7)
king’s 4.5 (3)
kitchen 1.2 (3), 2.2 (2)
knee 1.4 (3), 1.5 (1)
knees 1.4 (3)
knife 3.2 (1), 3.4 (1)
know 2.1 (24), 3.1 (10), 3.2 (1), 3.3 (1),
3.5 (1), 4.2 (4), 4.3 (1), 4.4 (1), 4.5 (3) known 3.1 (1)
knows 2.1 (4)
ladder 1.1 (2), 1.4 (2), 1.5 (2)
lake 2.4 (1), 4.4 (1)
language 4.2 (3)
languages 4.2 (5), 4.5 (1)
laptop 2.3 (1), 4.2 (1)
last 1.4 (1), 2.1 (2), 2.2 (4), 4.1 (1),
4.2 (3), 4.3 (2), 4.4 (2) late 4.2 (1)
learn 4.3 (4)
learning 4.3 (15)
least 3.3 (7)
leave 1.3 (1)
leaving 2.2 (1)
left 4.4 (1)
leg 1.4 (4)
legs 1.4 (2)
lemon 3.3 (1)
less 2.1 (1), 3.3 (2), 4.3 (1), 4.5 (2) let’s 4.4 (11), 4.5 (1)
letter 1.3 (1), 4.1 (1)
letters 3.1 (1)
library 1.2 (1), 3.1 (1), 3.2 (1)
like 1.1 (21), 1.2 (1), 1.4 (1), 1.5 (1),
2.1 (5), 2.3 (5), 2.4 (1), 2.5 (4), 3.1 (2), 3.2 (17), 3.3 (9), 3.4 (2), 3.5 (1), 4.1 (3), 4.3 (6), 4.4 (3)
liked 4.3 (1), 4.4 (1)
likes 3.1 (1), 3.2 (1), 3.4 (1)
limes 1.3 (1), 3.3 (1), 3.4 (1)
line 4.1 (2)
listen 1.3 (1)
listening 4.1 (1)
little 3.2 (7), 3.4 (1), 4.2 (1), 4.5 (1) live 1.3 (1), 1.5 (1), 2.2 (1), 2.4 (6),
lived 2.2 (2), 4.1 (1), 4.2 (1), 4.3 (5) lives 2.3 (1), 3.2 (2), 4.1 (1), 4.3 (1) living 1.2 (1), 1.3 (1), 2.1 (1), 2.2 (1),
2.5 (2), 3.1 (1), 3.5 (1) London 1.5 (1)
long 2.2 (4), 2.5 (1), 3.3 (8), 4.1 (1), 4.3 (2)
look 1.1 (3), 2.4 (2), 3.5 (1), 4.4 (1) looking 1.3 (5), 2.1 (2), 3.4 (1)
looks 1.1 (5), 2.3 (1)
lose 2.1 (3), 3.1 (2)
losing 2.1 (3)
lost 2.1 (7), 2.2 (2), 3.1 (1), 4.1 (1) lot 2.1 (1), 2.3 (3), 3.1 (3), 3.2 (1),
3.4 (1), 4.4 (2) Louis 3.1 (2)
Louise 4.2 (1)
love 1.1 (1)
lunch 1.1 (1), 2.5 (1), 3.1 (1), 3.2 (1),
3.4 (1), 4.3 (1), 4.4 (1) Lynn 4.2 (1)
made 1.2 (1), 2.3 (3), 4.2 (2), 4.3 (1) magazine 4.1 (5), 4.3 (1), 4.4 (1)
make 3.4 (1), 4.2 (1), 4.3 (1)
making 1.3 (1), 3.3 (1), 4.1 (1), 4.2 (1) man 1.1 (5), 1.2 (4), 1.3 (7), 1.4 (2),
2.1 (4), 2.2 (3), 2.3 (3), 3.1 (2), 3.2 (3), 3.3 (5), 3.4 (3), 4.1 (2), 4.2 (2), 4.4 (3)
man’s 1.4 (1)
manager 3.2 (1)
many 2.1 (3), 2.2 (1), 2.5 (1), 3.1 (1),
3.2 (1), 3.3 (3), 4.1 (2), 4.2 (3),
4.3 (7), 4.4 (1), 4.5 (1) map 2.3 (1), 3.4 (1)
Maria 3.1 (2)
Maria’s 4.3 (1)
married 2.2 (13), 2.5 (2), 3.1 (2), 4.1 (1),
4.2 (1), 4.3 (1), 4.4 (2) marry 2.2 (4)
math 1.3 (1), 3.1 (2) matter 1.4 (7), 1.5 (1) Matthew 3.1 (1)
maybe 4.3 (1)
me 1.3 (1), 1.5 (1), 2.2 (1), 2.3 (2), 2.4 (2), 3.1 (2), 3.2 (7), 3.3 (3),
3.4 (4), 4.3 (4) measure 3.3 (3), 3.4 (6)
measuring 3.3 (3)
meat 1.3 (1), 3.4 (1)
medicine 1.4 (7), 2.3 (2), 3.1 (1)
meet 2.5 (1), 3.1 (13), 4.1 (1), 4.3 (4) meeting 1.1 (1), 3.1 (1), 4.1 (2), 4.2 (1) men 1.1 (2), 2.1 (1), 3.1 (1), 4.1 (1),
4.2 (2), 4.4 (1), 4.5 (1)
met 3.1 (7), 3.5 (2), 4.1 (1), 4.4 (2)
Mexican 4.1 (5)
3.1 (1), 3.2 (1), 4.3 (5), 4.5 (1)
46
Mexicans 4.1 (1), 4.4 (1)
Mexico 2.3 (3), 3.2 (1), 4.1 (1), 4.2 (2),
4.4 (2) mile 3.3 (1)
milk 1.2 (2), 1.4 (1), 3.3 (3), 3.4 (3) mine 2.3 (5), 2.4 (5), 3.3 (1), 4.3 (1) minutes 2.2 (1), 4.4 (1)
Mom 1.4 (1), 3.1 (1)
Monday 1.3 (1)
money 2.1 (3), 3.1 (3), 3.2 (3)
monkey 2.4 (3)
monkeys 2.4 (1)
month 2.1 (2), 2.2 (3), 3.1 (1), 4.1 (2),
4.3 (1), 4.4 (3)
months 2.2 (1), 2.5 (1), 3.1 (1), 4.4 (1)
moon 4.5 (2)
more 2.1 (1), 3.1 (1), 3.2 (7), 3.3 (3) morning 1.3 (2), 1.4 (3), 2.3 (1), 4.2 (2),
4.3 (2) Moscow 4.3 (2), 4.4 (1)
mosque 4.2 (2), 4.4 (1)
most 4.1 (1), 4.2 (1), 4.4 (1)
mother 1.1 (1), 1.2 (1), 2.3 (1), 2.4 (1),
3.1 (1), 3.2 (1), 3.4 (1), 4.2 (4) mother’s 3.3 (1)
mothers 2.1 (1)
mountain 4.1 (1)
mountains 3.2 (1), 4.4 (1)
mouth 1.4 (4), 3.4 (1)
movie 1.1 (1), 2.2 (2), 3.1 (2), 3.2 (1),
3.4 (1), 4.1 (1), 4.2 (1), 4.3 (2),
4.4 (1) Mr 4.1 (3)
much 2.1 (2), 3.2 (1), 3.3 (11), 3.4 (1), 4.3 (8), 4.5 (1)
museum 2.1 (3), 3.1 (1), 4.2 (1) museums 4.4 (1)
music 2.2 (1), 3.4 (1), 4.4 (1) musician 2.1 (2), 4.2 (3) musicians 4.4 (1)
Muslim 4.4 (3)
my 1.1 (6), 1.2 (2), 1.3 (2), 1.4 (26),
1.5 (1), 2.1 (3), 2.2 (15), 2.3 (4), 2.4 (9), 2.5 (5), 3.1 (19), 3.2 (15), 3.3 (5), 3.4 (6), 3.5 (2), 4.2 (4), 4.3 (8), 4.4 (6)
nail 3.4 (2)
nails 3.4 (2)
name 2.1 (2), 2.5 (2), 3.1 (2), 3.4 (1) napkin 1.1 (1)
near 1.2 (1), 3.1 (1), 3.2 (3), 3.3 (1) need 1.1 (1), 1.3 (2), 1.4 (1), 1.5 (4),
2.1 (6), 2.2 (1), 2.3 (1), 3.1 (1), 3.2 (3), 3.3 (2), 3.4 (3), 4.2 (2), 4.4 (1)
needs 2.1 (1), 3.4 (1)
never 1.3 (5), 2.2 (1), 3.2 (2), 4.3 (3)
new
New Year New York newer news newspaper next
nice Nicholas night nine ninety no
north
North America northern Norton
nose
not
nothing November now
number o’clock ocean Ocean of
off office
okay old older on
once one
ones only
2.1 (1), 2.2 (5), 3.1 (2), 4.3 (1) 4.4 (2), 4.5 (2)
1.1 (1), 3.1 (1), 4.3 (1)
2.4 (1)
4.1 (17), 4.2 (1), 4.3 (1), 4.5 (2) 1.1 (1), 3.4 (1), 4.1 (1)
2.2 (2), 3.1 (1), 3.2 (2), 3.4 (2), 4.1 (1), 4.3 (1), 4.4 (2)
2.5 (1), 3.1 (7), 4.3 (2) 3.1 (1)
1.4 (1), 2.2 (2)
3.3 (1), 4.3 (1)
1.4 (1), 3.3 (1)
1.1 (8), 1.2 (3), 1.3 (1), 1.4 (1),
1.5 (5), 2.1 (11), 2.2 (1), 2.3 (2), 2.4 (3), 2.5 (2), 3.1 (10), 3.2 (10), 3.3 (2), 3.5 (3), 4.1 (4), 4.3 (6),
4.4 (6), 4.5 (2)
2.3 (4), 2.4 (1)
2.2 (4), 4.1 (1)
4.3 (5), 4.4 (1)
2.5 (1)
1.4 (6)
1.1 (2), 1.3 (8), 1.5 (2), 2.1 (3),
2.2 (2), 2.4 (10), 2.5 (2), 3.1 (11), 3.2 (12), 3.4 (9), 3.5 (2), 4.1 (1), 4.2 (1), 4.3 (7), 4.4 (8)
2.1 (8), 3.5 (1)
4.4 (1)
1.1 (1), 1.2 (2), 2.1 (1), 2.2 (3),
2.4 (1), 3.1 (1), 3.2 (2), 3.4 (1),
4.1 (3), 4.2 (2)
1.4 (1), 3.1 (2), 4.2 (1), 4.3 (1)
1.5 (1), 4.3 (4)
2.1 (1), 2.4 (1), 3.1 (1), 4.3 (1)
2.3 (8)
1.2 (7), 1.3 (2), 1.4 (1), 2.1 (2),
2.2 (6), 2.3 (24), 2.4 (8), 3.1 (7), 3.2 (9), 3.3 (23), 3.4 (19), 4.1 (12), 4.2 (2), 4.3 (2), 4.4 (4)
1.1 (7), 1.4 (9), 2.2 (1)
1.3 (2), 2.1 (1), 3.1 (1), 4.2 (1),
4.4 (1)
4.3 (8), 4.4 (5)
4.1 (1), 4.4 (1)
3.2 (1)
1.1 (1), 1.2 (9), 1.3 (6), 1.4 (11), 1.5 (2), 2.1 (9), 2.2 (9), 2.3 (2),
3.2 (19), 3.3 (2), 3.4 (4), 4.1 (18), 4.2 (3), 4.3 (7), 4.4 (15), 4.5 (6) 1.4 (4)
1.1 (7), 1.2 (2), 1.4 (3), 1.5 (1),
2.1 (8), 2.2 (3), 2.3 (1), 2.4 (3),
3.1 (2), 3.2 (4), 3.3 (14), 3.4 (6), 4.1 (1), 4.3 (1), 4.4 (1), 4.5 (2)
4.4 (1)
3.2 (22), 3.4 (1), 4.2 (2)
47
onto open or orange
oranges other
our
ours out outside
oven
over
p.m.
Pacific Ocean pack
packing painting
paintings pants paper papers parade parents Paris park Parker parties party
passport pasta pen pencil penguin penguins pens people
pepper person Peter phone
photo
photos piano pie pies pine
1.1 (5)
3.2 (1)
1.3 (2), 2.1 (2), 3.4 (2)
1.1 (2), 1.2 (2), 2.1 (1), 2.3 (2), 3.3 (3), 3.4 (2)
3.3 (1)
1.1 (11), 2.3 (1), 3.1 (3), 3.3 (5), 4.1 (1), 4.2 (3)
1.1 (1), 1.2 (1), 1.3 (1), 2.2 (5), 2.5 (4), 3.1 (3), 3.3 (2), 4.2 (5), 4.3 (1), 4.4 (1)
2.3 (4), 2.4 (4), 2.5 (1)
1.2 (5), 3.2 (4), 4.4 (1)
1.1 (1), 1.2 (2), 1.3 (4), 1.4 (3), 2.1 (1), 3.4 (2), 4.4 (1)
3.4 (6)
1.1 (6), 2.4 (1)
2.1 (1), 2.2 (1), 4.3 (2)
2.3 (3)
3.2 (1)
4.4 (2)
2.1 (1), 2.3 (1), 3.3 (1), 4.1 (2), 4.2 (2), 4.3 (2)
4.1 (1)
1.3 (1)
2.3 (1), 3.3 (1), 3.4 (6)
3.1 (1)
4.4 (8), 4.5 (1)
2.1 (1), 3.1 (1)
1.4 (1), 2.1 (4), 4.4 (1)
1.2 (1), 2.3 (1), 3.1 (1), 4.4 (3) 4.2 (1)
4.4 (1)
1.1 (1), 2.1 (1), 4.1 (1), 4.2 (2), 4.4 (1)
1.1 (1), 4.4 (1)
3.4 (8), 4.1 (1), 4.2 (1), 4.3 (1) 3.2 (1), 3.3 (1)
3.4 (5)
2.4 (2)
2.4 (5)
2.1 (1)
1.2 (1), 1.3 (1), 2.1 (2), 2.2 (3), 2.3 (2), 3.1 (1), 3.2 (1), 4.1 (4), 4.2 (3), 4.3 (3), 4.4 (5)
1.3 (1), 3.4 (1)
3.2 (2), 3.3 (1)
3.1 (2)
1.1 (1), 1.4 (1), 3.1 (2), 3.2 (1), 4.2 (2), 4.3 (1)
1.3 (2), 2.3 (2), 2.4 (2), 4.2 (6), 4.3 (1)
1.3 (1), 2.3 (1), 2.4 (1), 4.4 (2) 1.3 (1), 2.1 (3), 3.1 (1), 4.2 (1) 3.3 (13), 3.4 (3)
3.3 (1)
2.3 (3)
pizza place plant plants plate plates play
playing
plays please
pliers
police officer polite
pool
potatoes pound
pounds practice practiced practicing president prime minister probably
put
putting quarter quarters queen questions radio
rain
rained raining read
reading
ready really Rebecca red
refrigerator remember remembered rent
repair
repaired repairing reservation restaurant returned
3.3 (13), 3.4 (5) 1.3 (12), 3.1 (1) 2.3 (4), 2.4 (1) 2.3 (10)
3.3 (2)
1.2 (2), 3.1 (2), 3.3 (2)
1.1 (2), 1.3 (3), 1.4 (3), 2.1 (2), 3.1 (3), 4.2 (2), 4.3 (1), 4.4 (1) 2.1 (3), 2.2 (3), 2.4 (1), 3.1 (3), 3.3 (2), 4.1 (1), 4.4 (1)
2.1 (5), 3.1 (1)
1.1 (1), 1.2 (13), 1.4 (5), 2.3 (2), 3.1 (1), 3.3 (6), 3.4 (3), 4.3 (2) 3.4 (6), 4.3 (1)
2.3 (1)
3.2 (8)
1.1 (6)
3.3 (3)
3.3 (1)
3.2 (1), 3.3 (11), 3.4 (1)
1.3 (9), 3.1 (2), 4.3 (1)
3.1 (1)
1.3 (15), 1.5 (2), 4.3 (2)
4.1 (8)
4.1 (6)
2.1 (9), 2.2 (1), 2.5 (1), 3.1 (1) 1.3 (2), 3.2 (4), 3.3 (3), 3.4 (1) 3.2 (2), 3.4 (3)
3.3 (1)
3.3 (2)
4.1 (7), 4.3 (2)
4.1 (1)
1.1 (1), 4.1 (1)
2.1 (1), 2.2 (3), 2.3 (5), 2.4 (2), 3.1 (1), 3.2 (2)
2.2 (1), 3.2 (1)
1.4 (1)
1.1 (2), 3.1 (5), 3.2 (1), 3.4 (1), 4.1 (2), 4.3 (1), 4.4 (1)
1.1 (1), 1.3 (1), 2.2 (1), 3.4 (1), 4.1 (6), 4.4 (3)
4.4 (26), 4.5 (4)
4.2 (8), 4.3 (1), 4.4 (2), 4.5 (1) 3.1 (2)
1.1 (1), 1.2 (1), 2.1 (11), 2.4 (1), 3.4 (1), 4.5 (2)
1.2 (4), 1.4 (1), 2.1 (2), 3.2 (1) 4.3 (10), 4.5 (3)
4.3 (2)
1.1 (1), 3.4 (1)
1.1 (7), 1.2 (1), 2.1 (1), 2.5 (5), 3.1 (1), 3.2 (2), 3.4 (6), 4.3 (1) 3.1 (2)
1.1 (7), 1.2 (2), 1.4 (1), 2.2 (2) 3.1 (1), 4.1 (1)
3.1 (4), 4.1 (3), 4.3 (2), 4.4 (1) 4.2 (1)
48
ride
riding right ripe rode Rome room
Rosetta Stone rotten
round
rug
rugs ruler
run running Russia russian Russian Russians sad
said sailboat sailboats sailed sailing salad salads sale
salt Samantha same
sand sandals sandwich sandwiches Saturday saw
say
saying
says
scale school
science scissors screw screwdriver screws seat
see
sell selling sending seven
1.4 (1), 2.4 (3), 3.2 (2), 3.3 (1), 4.3 (2), 4.4 (1)
1.4 (2), 2.4 (1)
3.1 (9), 3.5 (2)
3.4 (9)
4.4 (1)
2.1 (2), 3.1 (1), 4.2 (1)
1.2 (1), 1.3 (1), 2.1 (4), 2.2 (1), 3.1 (4), 3.2 (14), 4.3 (1)
4.2 (1)
3.4 (5)
3.3 (7)
1.2 (3), 2.1 (1), 3.3 (1)
1.2 (1)
3.4 (5)
2.4 (1), 4.4 (1)
2.1 (2), 2.4 (1)
2.3 (2), 4.3 (3), 4.4 (1)
4.1 (1)
4.1 (3), 4.2 (2)
4.1 (1)
2.1 (2), 2.2 (3)
2.3 (9), 2.4 (2), 4.2 (2), 4.3 (1) 1.1 (2), 2.3 (1)
2.2 (1)
2.2 (1)
2.3 (1), 3.1 (1)
1.1 (1), 3.2 (1), 4.2 (1)
3.3 (1)
3.2 (9)
3.4 (3)
3.1 (1)
1.5 (2), 3.1 (2), 4.2 (1)
2.3 (4)
3.4 (1)
3.2 (3)
3.3 (1)
4.3 (2)
4.4 (2), 4.5 (2)
2.3 (9), 3.2 (1), 4.1 (1), 4.3 (1) 4.2 (2)
2.4 (2)
3.4 (5)
1.3 (4), 2.2 (2), 4.1 (1), 4.3 (2), 4.4 (4)
3.1 (1)
3.4 (4)
3.4 (2)
3.4 (8)
3.4 (2)
2.4 (1), 3.2 (1)
3.1 (1), 4.4 (1), 4.5 (1)
3.2 (4), 4.3 (2), 4.5 (3)
1.2 (1)
4.1 (1)
2.2 (1), 2.5 (1), 3.1 (1), 3.2 (1), 4.1 (1), 4.2 (1)
seventy 2.5 (1)
shark 2.4 (1)
sharks 2.4 (2), 4.3 (1)
she 1.1 (4), 1.2 (1), 1.3 (1), 1.4 (3),
2.1 (9), 2.2 (4), 2.3 (2), 2.4 (1), 2.5 (2), 3.1 (8), 3.2 (3), 3.3 (1), 3.4 (2), 4.1 (2), 4.2 (1), 4.3 (10)
she’s 1.1 (2), 1.2 (2), 1.3 (3), 1.4 (3), 2.1 (1), 2.2 (3), 3.1 (4), 3.2 (3), 3.3 (2), 3.4 (7), 4.1 (5), 4.2 (2),
4.3 (3), 4.4 (3) sheep 2.4 (3), 3.3 (1)
sheet 3.4 (6)
sheets 1.2 (1)
shirt 1.1 (1), 2.3 (1), 3.2 (3)
shoe 3.2 (1)
shoes 3.1 (1), 3.2 (1), 3.4 (1)
shopping 3.1 (1), 3.2 (1)
short 1.1 (1)
should 1.3 (19), 1.4 (4), 1.5 (4), 2.1 (1),
2.3 (1), 3.2 (6), 3.5 (1), 4.2 (1),
4.3 (2) shouldn’t 3.2 (3)
shower 1.2 (8), 1.3 (2) sick 1.4 (2)
sign 4.2 (1)
since 4.3 (9), 4.4 (2) sing 2.1 (1), 4.4 (2) singer 1.3 (1), 4.4 (1) singing 4.4 (1)
sink 1.2 (7), 2.1 (3), 3.4 (1) sister 2.1 (1), 4.2 (1), 4.3 (1) sit 3.2 (1), 4.3 (1)
sits 4.1 (1)
sitting 1.1 (1), 1.2 (2), 2.1 (2) six 1.3 (1), 1.4 (3), 3.3 (4) sixteen 3.3 (1)
sixty 3.3 (3), 4.1 (1)
size 3.1 (2)
ski 1.1 (3), 1.3 (1), 2.1 (1), 3.1 (2) skiing 1.3 (1), 1.4 (3), 3.1 (3)
skirts 1.3 (2)
skis 4.2 (1)
sleeping 2.1 (2), 3.1 (1), 4.4 (1)
slice 3.3 (8)
slices 3.3 (2)
small 2.1 (1), 2.3 (1), 2.4 (1)
smallest 3.4 (1)
smell 1.2 (1)
smells 1.2 (1)
Smith 4.1 (1)
snake 2.4 (5)
snakes 2.4 (1)
snow 1.4 (1), 2.1 (1), 3.1 (1), 4.3 (1),
4.4 (1) snowed 3.1 (1) snows 3.1 (1)
49
soccer
sock soldier soldiers some
someday someone
something
sometimes son
son’s soon
sorry
soup
sour
south
South America southern space
Spain Spanish speak
speaking speaks spicy spoken spoon spring square stadium stairs stand standing station statue
statues stay Steve stomach Stone store stove street strong stronger student students studied study
1.1 (1), 1.3 (8), 1.5 (2), 2.2 (2), 3.1 (1), 4.1 (2), 4.3 (1), 4.4 (1) 4.2 (1), 4.3 (1)
4.1 (6), 4.2 (1), 4.4 (1)
4.1 (5)
1.4 (2), 2.3 (2), 3.1 (1), 3.2 (1), 3.3 (2), 3.4 (3), 4.1 (1), 4.4 (2) 1.1 (4), 1.3 (1), 4.1 (1), 4.3 (1) 1.3 (13), 2.1 (8), 2.4 (4), 3.2 (2), 3.3 (1), 4.1 (1)
1.3 (3), 1.4 (1), 2.1 (3), 2.2 (2), 3.2 (3), 3.5 (1), 4.1 (1)
1.3 (9)
1.1 (4), 3.2 (1), 3.3 (1), 3.5 (2), 4.4 (3)
1.1 (1), 1.4 (1)
2.2 (6), 2.5 (1), 3.1 (1), 3.4 (1), 4.1 (1), 4.4 (2)
2.3 (2), 3.2 (3), 3.4 (1), 4.3 (3) 3.4 (3)
1.3 (2)
2.3 (4)
2.2 (5), 2.3 (2), 4.2 (2)
4.3 (2), 4.4 (1)
3.5 (2)
2.3 (5), 4.1 (1), 4.2 (1)
4.2 (5)
3.1 (2), 3.2 (5), 4.2 (5), 4.3 (2), 4.5 (2)
3.5 (1), 4.1 (1), 4.2 (4)
2.1 (2)
4.4 (1)
4.2 (2)
3.2 (1), 3.4 (1), 4.2 (1)
4.4 (1)
3.3 (7)
2.2 (1)
1.2 (3)
3.3 (1)
1.3 (1), 3.2 (1), 3.4 (1)
3.2 (1), 4.4 (2)
2.3 (1), 2.4 (2), 3.1 (1), 3.2 (1), 4.1 (3), 4.2 (1)
4.2 (2), 4.4 (1)
2.3 (1)
4.2 (1)
1.4 (5), 4.3 (1)
1.4 (1)
1.2 (1), 3.4 (1), 4.3 (1)
1.2 (4), 2.4 (1), 3.3 (1)
2.4 (2), 3.2 (1), 3.3 (2), 4.3 (1) 1.3 (7)
1.3 (6)
1.2 (1), 3.4 (1)
3.1 (2), 3.2 (1), 4.1 (1)
4.4 (1)
1.3 (2), 3.1 (5)
studying 2.2 (4), 3.1 (2), 3.5 (2) subway 3.2 (1), 4.3 (1)
Sue 1.1 (1)
sugar 1.3 (1), 3.4 (5)
suit 1.3 (2), 3.4 (1), 4.4 (1)
suitcase 1.1 (1), 2.3 (1), 2.4 (1), 3.2 (4),
3.3 (1), 4.4 (2) summer 1.3 (1), 2.1 (2), 3.2 (1)
sunglasses 3.2 (1)
sunny 1.4 (1), 2.1 (2), 3.1 (1)
Suzanne 3.1 (2)
sweater 1.4 (1), 2.1 (3), 2.2 (1)
sweep 1.2 (5), 1.3 (1), 1.5 (2) sweeping 1.2 (4)
sweet 1.3 (2)
swept 1.2 (1)
swim 1.1 (2), 1.3 (1), 2.4 (3), 3.1 (1),
4.3 (4)
swimming 1.1 (6), 2.3 (2), 2.4 (2), 3.1 (2)
table 1.1 (4), 1.3 (1), 1.4 (1), 2.1 (3), 3.1 (2), 3.3 (5), 4.1 (1), 4.2 (1)
take 1.2 (6), 1.3 (3), 1.4 (8), 2.3 (5), 2.4 (3), 4.3 (1)
taken 3.2 (1), 4.2 (4)
taking 1.2 (6), 1.3 (2), 1.4 (1), 2.1 (2),
3.1 (1), 3.2 (3)
talk 1.3 (1), 3.1 (1), 3.2 (3)
talked 4.1 (1), 4.3 (1)
talking 1.1 (1), 1.3 (1), 2.1 (2), 4.1 (2),
4.2 (1)
tall 1.4 (1), 3.3 (15)
tape 3.4 (4)
taste 2.4 (1), 3.3 (1)
tastes 3.4 (1), 4.1 (1)
taught 3.1 (1)
taxis 4.4 (1)
Taylor 4.2 (1)
tea 1.3 (1), 3.4 (3), 4.2 (1)
teach 3.2 (1), 3.4 (1)
teacher 2.3 (4), 2.4 (1), 3.3 (1), 3.4 (1),
4.2 (1) teaches 2.1 (3)
teaching 3.1 (1), 4.3 (2)
team 1.3 (10), 1.5 (2), 2.1 (15), 2.2 (2),
3.1 (3), 4.2 (2), 4.4 (1), 4.5 (2) teaspoon 3.4 (2)
teaspoons 3.4 (1)
teeth 1.4 (1), 3.1 (2)
television 1.1 (2), 1.3 (1), 3.1 (1), 4.1 (10),
4.2 (2), 4.3 (1), 4.5 (2) temperature 1.4 (6), 3.3 (2)
temple 2.2 (1), 4.1 (1), 4.2 (1), 4.4 (2) ten 2.2 (3), 3.1 (2), 3.3 (4)
tennis 1.3 (2), 1.4 (1)
tent 1.1 (1)
than 1.3 (2), 2.1 (1), 2.4 (4), 3.1 (1), 3.3 (5)
50
thank 1.1 (3), 1.2 (1), 1.4 (1), 1.5 (3), 2.3 (3), 2.4 (1), 2.5 (4), 3.1 (2),
3.2 (1), 3.5 (1), 4.5 (2) thanks 3.5 (1)
that 1.1 (2), 1.3 (2), 2.1 (16), 2.3 (11), 2.4 (14), 2.5 (2), 3.1 (28), 3.2 (10),
3.3 (3), 3.5 (3), 4.2 (8), 4.3 (2),
4.4 (2), 4.5 (4)
that’s 1.1 (1), 2.4 (1), 3.1 (3), 4.2 (1),
4.3 (1)
the 1.1 (64), 1.2 (92), 1.3 (41), 1.4 (33),
1.5 (9), 2.1 (58), 2.2 (17), 2.3 (49), 2.4 (24), 3.1 (32), 3.2 (31), 3.3 (47), 3.4 (62), 3.5 (4), 4.1 (66), 4.2 (21), 4.3 (19), 4.4 (47), 4.5 (13)
The 4.3 (1), 4.5 (2)
theater 1.1 (1), 1.3 (1), 3.2 (1), 4.4 (2) their 1.2 (1), 1.4 (2), 2.1 (2), 2.2 (1),
3.1 (3), 3.2 (1), 4.4 (1) theirs 2.4 (6)
them 3.1 (4), 3.2 (4), 3.3 (2), 4.3 (2)
then 2.3 (2), 3.1 (10), 3.2 (1), 3.4 (2)
there 1.1 (2), 1.2 (2), 1.3 (2), 2.1 (17),
2.3 (4), 2.5 (2), 3.1 (3), 3.2 (17), 3.3 (1), 3.5 (4), 4.1 (5), 4.2 (2), 4.3 (14), 4.4 (4)
there’s 4.1 (1)
thermometer 3.4 (4)
these 1.1 (3), 1.4 (3), 2.1 (1), 2.3 (9),
2.4 (17), 3.1 (6), 3.2 (3), 3.4 (3),
4.1 (1), 4.2 (6), 4.3 (2), 4.4 (1) they 1.1 (5), 1.3 (2), 1.4 (2), 1.5 (2), 2.1 (6), 2.2 (7), 2.4 (3), 3.1 (5), 3.2 (5), 3.3 (2), 3.4 (1), 4.1 (4),
4.2 (2), 4.3 (1), 4.4 (5)
they’re 1.1 (3), 1.2 (2), 1.3 (4), 1.5 (1), 2.1 (2), 2.2 (7), 2.3 (3), 2.4 (3), 3.1 (2), 3.2 (3), 3.3 (2), 3.4 (6),
4.1 (7), 4.3 (2), 4.4 (10)
think 3.1 (23), 3.2 (2), 3.3 (5), 3.5 (3),
4.1 (1), 4.2 (4), 4.3 (2) thinking 2.2 (7), 2.5 (2)
thinks 3.1 (3)
third 3.3 (5)
thirds 3.3 (1)
thirsty 1.3 (1), 1.4 (1) thirteen 3.3 (2)
thirty 1.4 (1), 2.1 (1), 3.3 (3), 3.4 (1), 4.2 (2), 4.3 (1)
this 1.1 (28), 1.2 (1), 1.3 (13), 1.4 (13), 2.1 (8), 2.2 (37), 2.3 (34), 2.4 (28), 2.5 (4), 3.1 (28), 3.2 (15), 3.3 (40), 3.4 (12), 3.5 (9), 4.1 (10), 4.2 (43),
4.3 (13), 4.4 (18), 4.5 (1) Thomas 3.1 (2)
those 2.4 (2), 3.4 (1) thought 4.2 (2)
thousand 2.2 (2)
three 1.2 (1), 1.4 (3), 2.2 (2), 3.1 (1),
3.2 (1), 3.3 (7), 3.4 (3), 4.2 (1),
4.3 (3), 4.4 (1), 4.5 (1) threw 1.1 (3)
throw 1.1 (5) throwing 1.1 (7) Thursday 1.3 (1), 2.3 (1) tickets 3.2 (1), 3.3 (2) tie 3.4 (1)
tiger 2.4 (4)
tigers 2.4 (1)
time 1.5 (1), 4.4 (6)
times 1.4 (4)
tired 4.4 (1)
to 1.1 (29), 1.2 (11), 1.3 (22), 1.4 (4),
1.5 (1), 2.1 (12), 2.2 (5), 2.3 (6), 2.4 (16), 2.5 (6), 3.1 (28), 3.2 (22), 3.3 (7), 3.4 (20), 4.1 (13), 4.2 (8), 4.3 (39), 4.4 (40), 4.5 (3)
today 1.2 (1), 1.3 (1), 1.5 (2), 2.1 (1), 2.2 (1), 3.1 (4), 3.2 (1), 4.1 (6),
4.2 (1), 4.3 (2), 4.4 (8) together 2.2 (1)
toilet 1.2 (3)
Tom 4.3 (1)
tomato 3.4 (3)
tomatoes 3.4 (6)
tomorrow 1.3 (1), 1.4 (2), 2.1 (1), 4.3 (2) tonight 2.1 (1), 3.1 (1), 4.1 (1), 4.3 (1) too 1.1 (1), 1.3 (1), 3.2 (1), 4.3 (13) took 1.2 (3), 2.3 (3), 4.2 (4), 4.4 (1) toothbrush 3.4 (1)
touch 2.4 (15)
touching 2.4 (3)
towel 1.1 (2), 3.2 (1)
toy 1.1 (2), 2.2 (4)
toys 2.2 (1), 2.3 (1), 3.2 (1), 3.3 (1),
4.1 (1)
train 1.4 (1), 2.3 (3), 3.2 (1), 4.4 (2)
trash 1.2 (10)
tree 1.1 (4), 1.4 (2), 2.1 (1), 2.3 (8),
2.4 (1), 3.3 (4) trees 2.3 (3)
twelve 3.3 (2), 4.2 (1), 4.3 (1)
twenty 2.2 (3), 3.1 (2), 3.3 (2), 3.4 (1) twice 1.4 (4), 2.3 (1), 3.1 (1), 4.2 (1) two 1.1 (2), 1.4 (3), 1.5 (1), 2.2 (3),
2.4 (1), 2.5 (1), 3.1 (2), 3.3 (4),
3.4 (4), 4.2 (1), 4.3 (1), 4.5 (3) type 2.3 (2), 3.2 (3), 3.3 (1)
types 3.2 (1), 4.1 (1) ugly 2.4 (8) umbrella 2.4 (1), 4.3 (1) umbrellas 3.2 (2)
under 1.2 (3), 2.1 (1) understand 4.2 (3), 4.3 (1)
51
United Kingdom United States up
us
use
used
using vacation vacuum vacuuming vegetables very
violin visit visited visiting
vote voted voting wait waiting waitress walk walked walking wall want
wants war was
wash washed washing watch watched watching
water we
we’re wear
2.3 (3), 4.1 (3), 4.2 (1), 4.3 (1) 2.2 (1), 4.3 (2), 4.4 (1), 4.5 (3) 1.2 (10), 1.3 (1)
2.1 (1), 2.5 (2), 3.5 (2)
3.4 (2), 4.2 (1), 4.3 (3) 3.1 (1), 3.4 (2), 4.3 (3) 3.4 (18)
3.2 (6), 4.4 (9), 4.5 (2) 1.2 (3), 1.5 (2)
1.2 (7)
2.2 (2), 3.1 (3), 3.2 (3), 3.3 (1), 3.4 (1) 1.1 (1), 1.4 (2), 2.1 (2), 2.4 (1),
2.5 (1), 3.1 (4), 3.2 (1), 3.3 (1),
3.4 (2), 4.2 (2), 4.3 (4), 4.4 (4),
4.5 (1)
1.3 (5), 2.4 (1), 4.3 (2)
3.2 (1), 4.1 (1), 4.3 (1), 4.4 (1)
4.1 (1), 4.4 (1)
1.1 (1), 3.1 (2), 4.1 (2), 4.3 (1),
4.4 (1)
4.1 (5), 4.2 (3), 4.3 (3)
4.1 (3), 4.2 (1)
4.1 (10), 4.2 (3)
2.5 (1), 3.4 (1), 4.4 (1)
4.1 (2), 4.3 (2)
3.3 (1)
3.2 (1), 4.3 (1)
4.5 (2)
2.3 (2), 3.1 (1)
3.3 (5)
1.1 (2), 1.2 (1), 1.3 (4), 2.1 (2),
2.4 (1), 3.2 (2), 3.3 (9), 4.1 (1),
4.2 (1), 4.3 (5)
1.3 (1), 4.1 (1), 4.3 (2)
4.1 (1)
1.1 (3), 1.4 (3), 2.1 (1), 2.2 (7),
2.5 (2), 3.1 (4), 4.1 (1), 4.2 (27), 4.3 (3), 4.4 (6), 4.5 (2)
1.2 (5), 1.3 (1), 4.3 (1)
1.2 (2), 1.4 (1)
1.2 (1), 1.3 (1), 3.1 (1)
1.3 (1), 3.2 (3), 3.3 (2), 4.2 (1), 4.3 (2) 4.3 (1)
2.1 (2), 2.2 (1), 4.1 (7), 4.2 (1),
4.3 (1), 4.5 (2)
1.1 (1), 1.2 (2), 1.4 (2), 2.4 (2),
3.1 (1), 3.2 (2), 3.4 (3), 4.3 (1)
1.1 (1), 1.2 (2), 1.3 (10), 1.4 (1), 1.5 (1), 2.1 (9), 2.2 (10), 2.3 (1), 2.4 (2), 2.5 (1), 3.1 (9), 3.2 (3),
3.3 (3), 3.4 (2), 3.5 (2), 4.1 (1),
4.3 (12), 4.4 (6), 4.5 (1)
1.2 (3), 1.3 (1), 1.4 (1), 1.5 (2),
2.1 (2), 2.2 (2), 2.3 (2), 3.1 (6),
3.2 (2), 3.4 (3), 4.1 (1), 4.2 (1),
4.3 (3), 4.4 (1), 4.5 (4)
1.3 (7), 1.4 (1), 2.1 (1), 3.4 (1)
wearing wears weather wedding
Wednesday week
weeks weigh weighing weighs welcome well
went were
west western wet whale whales what
what’s
Wheeler and Sons when
where
which
while white whiter who
whole whose why
wide wife
will
Will
1.3 (2)
2.1 (4), 3.2 (1), 4.1 (1)
2.1 (1), 3.1 (2), 4.1 (2)
2.2 (10), 2.5 (1), 3.2 (1), 3.4 (1), 4.2 (1), 4.4 (4), 4.5 (3)
1.3 (1), 2.3 (1)
1.4 (2), 2.2 (3), 2.3 (1), 3.1 (1), 4.2 (1), 4.3 (1), 4.4 (1)
2.4 (1)
3.3 (7), 3.4 (2)
3.4 (3)
3.3 (11)
2.2 (1), 2.5 (2), 4.4 (1), 4.5 (1) 2.1 (4), 2.4 (1), 3.1 (3), 3.2 (1), 3.5 (1), 4.2 (1), 4.5 (1)
1.4 (2), 4.3 (1), 4.4 (4)
1.4 (1), 2.5 (2), 3.1 (2), 3.2 (2), 3.3 (2), 4.2 (3), 4.3 (2)
2.3 (3)
4.3 (2)
1.4 (1), 3.2 (2)
2.4 (2), 3.3 (1)
2.4 (2), 4.3 (1)
1.2 (3), 1.4 (11), 1.5 (2), 2.1 (1), 2.2 (3), 2.3 (11), 2.4 (1), 2.5 (2), 3.1 (1), 3.3 (2), 3.4 (1), 3.5 (1), 4.1 (9), 4.2 (7), 4.3 (3), 4.4 (3), 4.5 (1)
1.4 (13), 1.5 (1), 2.3 (3), 4.1 (3), 4.2 (5), 4.5 (1)
4.2 (1)
1.3 (2), 1.4 (7), 2.2 (2), 2.5 (2), 3.1 (4), 3.2 (5), 4.2 (4), 4.3 (3), 4.4 (3), 4.5 (3)
1.2 (1), 1.3 (1), 2.1 (4), 2.3 (7), 2.4 (1), 3.1 (3), 3.2 (1), 3.5 (1), 4.1 (1), 4.2 (1), 4.3 (3), 4.4 (1) 1.3 (1), 2.1 (5), 2.4 (2), 3.3 (1), 4.2 (3)
3.2 (1)
1.1 (1), 1.2 (1), 2.4 (3)
3.1 (1)
1.3 (2), 1.5 (1), 2.1 (18), 4.1 (3), 4.2 (8), 4.5 (1)
3.3 (6)
2.3 (5)
1.1 (6), 1.3 (1), 2.1 (4), 3.1 (4), 3.3 (1), 4.2 (2), 4.4 (7)
3.3 (8), 3.4 (1)
1.1 (1), 2.2 (1), 2.5 (1), 3.1 (4), 4.2 (2), 4.3 (2), 4.4 (1)
1.1 (4), 1.2 (6), 1.3 (1), 1.4 (1), 1.5 (2), 2.1 (10), 2.2 (11), 2.3 (4), 2.4 (1), 2.5 (1), 3.1 (14), 3.2 (6), 3.3 (2), 3.4 (2), 4.1 (6), 4.2 (2), 4.3 (8), 4.4 (3), 4.5 (2)
2.5 (1)
52
Wilson 4.2 (1)
win 2.1 (3), 3.1 (4), 4.1 (4), 4.2 (2),
4.3 (1), 4.5 (1) window 1.2 (1), 3.4 (2) windows 1.2 (1), 2.1 (2)
winning 2.1 (5)
wins 2.2 (1)
winter 1.3 (1), 2.1 (3), 4.2 (1), 4.4 (1) with 1.1 (2), 1.4 (3), 2.1 (3), 2.2 (1),
2.4 (1), 2.5 (1), 3.1 (6), 3.3 (2), 3.4 (2), 4.1 (2), 4.2 (3), 4.3 (2), 4.4 (2), 4.5 (1)
woman 1.1 (4), 1.2 (6), 1.3 (6), 2.1 (4), 2.2 (2), 3.3 (3), 3.4 (2), 4.1 (2)
woman’s 1.4 (3)
women 1.1 (1), 2.3 (1), 3.2 (1), 4.2 (1),
4.3 (1), 4.4 (3)
won 2.1 (10), 3.1 (1), 4.1 (5), 4.2 (2),
4.3 (1), 4.4 (2), 4.5 (1) wood 1.2 (1), 3.2 (1)
woods 2.3 (1)
work 1.1 (12), 1.3 (2), 2.1 (2), 2.2 (1),
3.1 (1), 4.2 (4), 4.3 (2), 4.4 (1) worked 3.1 (1), 4.2 (2)
working 1.5 (2), 2.5 (4), 3.1 (1)
works 1.1 (2)
worn 4.4 (1)
would 1.1 (2), 1.2 (1), 1.4 (2), 1.5 (1),
2.1 (1), 2.5 (4), 3.2 (16), 3.3 (8), 4.3 (8)
wrench 3.4 (5), 4.3 (1)
writing 1.1 (1), 3.4 (1), 4.1 (1)
written 3.1 (1), 4.2 (4), 4.3 (1)
wrong 3.1 (9)
wrote 1.3 (1), 4.2 (2)
year 2.2 (2), 3.1 (3), 4.2 (1), 4.3 (1),
4.4 (1)
years 2.2 (16), 2.5 (3), 3.1 (5), 4.1 (1),
4.2 (2), 4.3 (2), 4.4 (2) yellow 1.3 (1), 2.1 (3), 2.4 (1)
yen 3.2 (6)
yes 1.1 (3), 1.2 (2), 1.3 (1), 1.4 (4),
1.5 (5), 2.1 (4), 2.2 (2), 2.3 (3), 2.4 (3), 2.5 (8), 3.1 (9), 3.2 (16), 3.3 (3), 3.4 (3), 3.5 (5), 4.1 (3), 4.2 (5), 4.3 (14), 4.4 (11), 4.5 (8)
yesterday 1.1 (1), 2.2 (1), 4.1 (1), 4.2 (2)
you 1.1 (15), 1.2 (10), 1.3 (15), 1.4 (17), 1.5 (12), 2.1 (17), 2.2 (17), 2.3 (10),
2.4 (6), 2.5 (13), 3.1 (37), 3.2 (33), 3.3 (14), 3.4 (10), 3.5 (9), 4.1 (11), 4.2 (12), 4.3 (44), 4.4 (29), 4.5 (15)
you’re 1.4 (3), 2.5 (1), 3.2 (2), 3.3 (2), 3.5 (1), 4.5 (1)
your 1.1 (3), 1.2 (5), 1.3 (1), 1.4 (6),
2.1 (1), 2.2 (5), 2.3 (1), 2.4 (2), 2.5 (2), 3.1 (11), 3.2 (10), 3.3 (4), 3.4 (1), 3.5 (1), 4.3 (6), 4.4 (4)
yours 2.4 (15), 2.5 (1), 3.3 (1) zoo 4.4 (1)
