a 1.1 (12), 1.2 (49), 1.3 (32), 1.4 (37), 1.5 (4), 2.1 (26), 2.2 (36), 2.3 (28), 2.4 (19), 2.5 (1), 3.1 (20), 3.2 (27),
3.3 (1), 3.4 (24), 3.5 (2), 4.1 (52),
4.2 (17), 4.3 (21), 4.4 (4), 4.5 (3) adult 1.2 (1)
adults 1.2 (5)
after 3.1 (7), 3.4 (2), 3.5 (1)
afternoon 3.1 (9), 3.2 (1), 3.4 (1), 4.5 (2) all 4.4 (9), 4.5 (2)
am 1.3 (18), 1.4 (5), 1.5 (1), 2.1 (7),
2.2 (2), 2.3 (15), 2.4 (10), 3.1 (1) Amy 2.4 (3)
an 1.2 (12), 2.2 (4), 2.3 (4), 3.1 (2), 3.3 (1), 4.1 (9), 4.2 (1)
and 1.2 (8), 1.3 (2), 2.1 (28), 2.2 (6), 3.1 (11), 3.2 (2), 3.3 (3), 3.4 (3),
4.1 (2), 4.2 (1), 4.3 (1) animal 3.3 (3), 4.2 (4), 4.3 (5)
animals 3.3 (2)
Anna 3.5 (1)
Anne 2.3 (1)
apartment 2.2 (6), 2.3 (6)
apple 1.2 (7), 1.3 (2), 1.4 (1), 2.1 (2),
2.2 (1), 3.2 (1)
apples 1.2 (1), 1.3 (3), 1.4 (3), 1.5 (1),
2.1 (3), 2.2 (1), 4.2 (1), 4.3 (3) Arabic 3.3 (15)
are 1.1 (33), 1.2 (27), 1.3 (39), 1.4 (62), 1.5 (1), 2.1 (39), 2.2 (24), 2.3 (11), 2.4 (35), 2.5 (6), 3.1 (12), 3.2 (27),
3.3 (12), 3.4 (20), 3.5 (5), 4.1 (3),
4.2 (5), 4.3 (9), 4.4 (45), 4.5 (2) at 3.1 (15), 3.2 (4), 3.5 (2), 4.1 (17)
Australia 3.3 (4)
babies 2.1 (1)
baby 2.1 (3), 2.2 (1), 3.2 (3)
bad 3.2 (7), 3.4 (1)
bakery 4.1 (7), 4.4 (2)
ball 1.3 (2), 1.4 (4), 2.2 (2), 3.4 (3),
4.2 (1)
balls 1.3 (1), 1.4 (2), 2.1 (1), 3.1 (1),
3.3 (1), 4.4 (3) bathroom 2.2 (4), 3.4 (4)
because 3.4 (13), 3.5 (1), 4.1 (3), 4.3 (1), 4.4 (1)
bed 1.4 (1), 2.1 (1), 2.2 (7), 3.4 (1), 4.3 (1) bedroom 2.2 (3), 2.3 (3), 3.4 (2)
beds 1.4 (2)
before 3.1 (6), 3.4 (1)
Beijing 2.3 (1), 2.5 (1), 3.2 (1) belt 2.4 (6)
belts 3.1 (1), 3.3 (1) Bertrand 2.3 (1)
bicycle 1.2 (3), 1.3 (4), 1.4 (4), 2.1 (6), 4.2 (3), 4.4 (1)
bicycles 1.2 (2), 1.3 (5), 1.4 (3)
big 1.3 (6), 2.1 (1), 2.2 (2), 4.2 (5), 4.3 (2), 4.4 (9), 4.5 (2)
bigger 4.3 (2), 4.4 (1)
biggest 4.3 (1), 4.4 (3)
black 1.3 (11), 1.4 (4), 2.1 (1), 2.4 (4),
4.2 (4), 4.3 (1), 4.4 (1), 4.5 (1) blanket 3.4 (4)
blond 2.4 (4)
blue 1.3 (11), 1.4 (3), 2.1 (1), 2.4 (5),
4.1 (1), 4.2 (7), 4.3 (1), 4.4 (4) Bobby 2.3 (2)
book 1.2 (3), 1.3 (6), 1.4 (1), 2.1 (3), 2.2 (2), 2.5 (2), 3.1 (3), 4.1 (3),
4.2 (2), 4.4 (2)
books 1.2 (1), 1.3 (1), 1.4 (4), 2.1 (1),
2.2 (2), 3.1 (1), 4.1 (3), 4.2 (1),
4.3 (5) bookstore 4.1 (8), 4.4 (1)
bowl 1.4 (1), 2.2 (2), 4.3 (8)
bowls 1.4 (6), 2.1 (1), 3.3 (4), 3.5 (2),
4.3 (1)
boy 1.1 (16), 1.2 (10), 1.3 (3), 1.4 (3),
2.1 (2), 2.2 (6), 2.3 (1), 2.4 (3), 3.2 (3), 3.3 (3), 3.4 (3), 4.1 (1), 4.2 (5), 4.4 (2)
boys 1.1 (5), 1.2 (2), 1.3 (1), 1.4 (1), 2.1 (2), 2.2 (2), 3.1 (1), 3.2 (1),
3.3 (3), 3.4 (1) Brazil 2.3 (5), 2.5 (1)
bread 1.2 (6), 1.5 (1), 3.2 (5), 4.2 (3), 4.4 (2)
breakfast 3.1 (7), 3.4 (1)
bridge 2.3 (8), 4.1 (1)
broken 4.1 (11)
brother 2.1 (2), 2.2 (4), 2.3 (2), 2.5 (2),
3.4 (1) brothers 2.1 (3), 3.1 (2)
brown 2.4 (11), 4.2 (2), 4.3 (1) Brown 3.2 (1)
brush 3.4 (6)
brushing 3.4 (13)
but 3.1 (6), 3.3 (1), 4.1 (4), 4.3 (1), 4.4 (8)
buying 1.4 (8), 3.2 (1), 3.4 (6), 4.1 (19) cafe 3.1 (1)
cake 4.1 (4), 4.2 (2), 4.3 (3), 4.4 (15) camera 4.3 (6)
car 1.2 (8), 1.3 (5), 1.4 (1), 2.1 (2),
2.2 (9), 3.4 (2), 4.1 (6), 4.2 (2), 4.3 (3)
card 4.3 (4), 4.5 (1) cards 4.3 (1)
carrot 4.2 (1)
carrots 4.2 (4)
cars 1.3 (3), 4.1 (1)
cash 4.3 (4)
cat 1.2 (6), 1.3 (3), 2.1 (3), 2.2 (9),
3.2 (1), 3.4 (2)
39
cats 1.3 (1), 1.4 (1), 3.3 (1), 4.4 (2) cell 1.4 (3), 4.4 (1)
chair 2.2 (3), 2.3 (2), 4.3 (8), 4.4 (1),
4.5 (2)
chairs 1.4 (4), 2.1 (1), 4.4 (1)
check 4.3 (3)
checks 4.3 (1)
child 1.2 (1), 1.4 (1), 2.2 (1)
children 1.2 (5), 1.4 (3), 2.1 (5), 2.2 (3),
3.1 (1), 3.2 (1), 4.4 (3) China 2.3 (6), 2.5 (1), 3.3 (4)
Chinese 3.3 (23)
chocolate 4.1 (4)
city 2.3 (5), 2.5 (1), 3.2 (1)
Clark 2.3 (1)
clean 3.4 (8), 4.3 (2)
closed 4.4 (8)
clothes 4.1 (4)
coat 1.4 (6), 2.2 (2), 2.4 (1), 3.1 (6),
4.1 (2), 4.2 (1), 4.4 (3)
coffee 1.2 (4), 1.5 (1), 3.1 (8), 3.2 (4),
3.4 (1), 4.2 (1) coin 4.3 (1)
coins 4.3 (2), 4.4 (4)
cold 2.4 (12), 3.1 (1), 3.4 (1)
color 2.4 (6), 4.4 (8), 4.5 (4)
colors 4.4 (6)
comes 3.1 (7)
computer 2.2 (8), 4.3 (4)
computers 2.2 (2)
concert 4.2 (8)
cook 4.2 (2)
cooking 1.1 (7), 1.2 (4), 1.3 (1), 2.1 (1),
2.2 (1), 2.3 (1), 3.4 (1)
cost 4.2 (14), 4.3 (4), 4.4 (1), 4.5 (1) costs 4.2 (15), 4.3 (2), 4.4 (1), 4.5 (1)
country 2.3 (8)
credit 4.3 (5), 4.5 (1)
cup 1.4 (1), 1.5 (2), 2.2 (2), 4.3 (2) cups 1.4 (4), 2.1 (1), 2.2 (2), 3.1 (1),
3.3 (4), 4.4 (6) Dad 2.4 (3), 3.4 (3)
Dan 3.1 (1)
daughter 2.1 (6), 2.2 (2), 3.4 (2), 4.3 (4) daughters 2.1 (3)
David 3.2 (1)
day 3.2 (5)
days 3.2 (5)
desktop 2.2 (3)
different 4.4 (16)
dining 2.2 (4), 2.3 (1), 3.4 (1)
dinner 3.1 (6), 3.2 (3), 3.4 (2)
dirty 3.4 (7), 4.3 (2)
do 1.2 (3), 1.3 (2), 1.4 (5), 1.5 (4),
2.3 (7), 2.5 (1), 3.1 (20), 3.2 (3), 3.3 (8), 3.4 (1), 3.5 (8), 4.1 (6), 4.2 (16), 4.3 (7), 4.4 (11), 4.5 (7)
doctor 1.3 (10), 1.4 (1), 2.1 (1), 2.3 (2), 3.1 (1), 4.3 (4)
doctors 1.3 (1)
does 1.2 (2), 1.4 (1), 3.1 (2), 3.3 (2),
3.4 (2), 3.5 (2), 4.2 (9), 4.3 (2),
4.4 (6), 4.5 (2)
doesn’t 3.1 (2), 4.1 (4), 4.2 (6)
dog 1.2 (9), 1.3 (4), 1.5 (2), 2.1 (3), 2.2 (2), 2.3 (1), 3.4 (3), 4.1 (1)
dogs 1.4 (1), 3.3 (1), 3.4 (1)
doing 1.3 (8), 1.4 (1), 1.5 (2), 2.1 (2),
3.2 (2), 3.5 (1) dollar 4.2 (2), 4.3 (1)
dollars 4.2 (6), 4.4 (1), 4.5 (1)
don’t 3.1 (3), 3.3 (3), 4.4 (1)
door 2.2 (4), 2.3 (2), 3.2 (2), 4.4 (3) dress 1.4 (5), 2.4 (2), 4.2 (2), 4.3 (2),
4.4 (6)
drink 3.1 (7), 3.4 (1)
drinking 1.1 (20), 1.2 (5), 1.3 (2), 1.4 (2), 2.1 (1), 3.2 (2), 3.4 (2), 4.2 (2)
drinks 3.1 (1)
driving 1.2 (9), 1.3 (2)
dry 3.4 (5)
eat 3.1 (4)
eating 1.1 (28), 1.2 (17), 1.3 (2), 1.4 (3),
1.5 (1), 2.1 (8), 2.3 (1), 3.1 (15), 3.2 (7), 3.4 (1), 3.5 (2), 4.1 (1), 4.2 (2), 4.3 (1)
egg 1.2 (5), 1.3 (4), 1.4 (2), 3.1 (2) eggs 1.2 (2), 1.3 (3), 1.4 (3), 2.1 (1), 3.1 (1), 4.5 (4)
Egypt 2.3 (3), 3.3 (1)
eight 2.1 (6), 3.3 (3), 4.5 (1)
Eight 2.3 (1)
eighteen 3.1 (3), 3.2 (5)
eleven 2.1 (4)
Elm 4.1 (1)
English 3.3 (33), 3.5 (2)
euros 4.2 (6)
evening 3.1 (11), 3.5 (1)
excuse 3.3 (4), 4.1 (6), 4.4 (1) expensive 4.3 (12), 4.4 (1)
face 3.4 (6)
faces 3.4 (1)
fall 3.2 (3)
family 2.1 (6), 2.2 (2), 2.5 (2), 3.1 (4),
3.2 (3), 4.3 (1) far 2.3 (8)
fast 4.3 (6)
faster 4.3 (1)
father 2.1 (10), 2.2 (2), 2.3 (2), 2.4 (1),
3.4 (1), 4.2 (1), 4.3 (3) fifteen 3.1 (4), 4.2 (2)
fifty 3.3 (3), 4.5 (1)
fine 2.4 (13), 3.1 (4), 3.5 (1) finger 3.4 (1)
40
fingers 3.2 (3)
fish 1.2 (4), 1.3 (3), 1.4 (5), 2.2 (2),
3.2 (2)
fit 4.4 (8), 4.5 (1)
fits 4.4 (3), 4.5 (1)
five 1.4 (9), 2.1 (4), 3.3 (7), 4.2 (2),
4.4 (1), 4.5 (1)
flower 1.3 (2), 1.4 (1), 3.2 (2)
flowers 1.3 (10), 1.4 (4), 2.1 (1), 3.1 (1), 3.2 (1), 3.4 (5), 4.1 (1), 4.4 (4),
4.5 (4)
foot 3.2 (3), 3.4 (1)
forty 3.3 (21), 4.2 (1), 4.5 (1)
four 1.4 (15), 2.1 (3), 3.2 (2), 3.3 (5),
4.3 (1), 4.4 (2) fourteen 3.1 (6)
France 2.3 (7)
Friday 3.2 (5)
friend 2.1 (4), 3.2 (1), 3.4 (1), 3.5 (2), 4.2 (1) friends 2.1 (3), 3.2 (3)
from 2.3 (27), 2.5 (4), 3.2 (2), 3.3 (13),
3.5 (1)
fruit 4.1 (6), 4.2 (4), 4.4 (4)
game 3.2 (7)
girl 1.1 (18), 1.2 (5), 1.3 (4), 1.4 (3),
2.1 (3), 2.2 (9), 2.3 (2), 2.4 (3), 3.1 (3), 3.2 (3), 3.3 (3), 3.4 (4), 4.1 (1), 4.2 (8), 4.3 (1), 4.4 (3)
girls 1.1 (7), 1.2 (2), 1.3 (2), 1.4 (2), 2.1 (3), 2.2 (1), 2.3 (1), 3.2 (1),
3.3 (3), 3.4 (1) Giulia 2.3 (1)
glasses 4.1 (4), 4.2 (1), 4.4 (3)
golf 4.2 (6)
good 3.1 (11), 3.2 (10), 3.4 (1), 3.5 (4),
4.5 (4)
goodbye 1.1 (2), 1.2 (2), 1.3 (2), 1.4 (2),
2.3 (5), 2.4 (6), 2.5 (2), 3.5 (4) grandfather 2.2 (4), 2.4 (1), 3.2 (2), 4.3 (1)
Grandma 2.4 (3)
grandmother 2.2 (3), 2.4 (1), 3.2 (2), 3.4 (2) Grandpa 2.4 (3)
grass 1.3 (2), 1.4 (2), 3.2 (1)
gray 2.4 (9), 4.2 (2), 4.3 (1)
green 1.3 (18), 1.4 (4), 2.1 (1), 2.2 (6),
2.4 (1), 4.1 (1), 4.2 (5) grocery 4.1 (10), 4.4 (4)
guest 3.2 (2)
guests 3.2 (8), 3.3 (1)
haddad 3.3 (2)
hair 2.4 (24), 3.4 (9), 4.3 (4)
hand 3.2 (1)
hands 3.2 (2), 3.4 (8)
hardware 4.1 (8)
has 1.2 (8), 1.3 (2), 1.4 (9), 2.4 (8),
3.1 (4), 4.1 (5), 4.2 (12), 4.3 (16), 4.4 (14)
hat 1.4 (7), 2.2 (3), 2.4 (1), 3.1 (4), 3.2 (2), 4.1 (2), 4.2 (1), 4.4 (3) hats 1.4 (3), 2.1 (1), 3.3 (1), 4.4 (4)
have 1.2 (11), 1.3 (18), 1.4 (15), 1.5 (8), 2.1 (3), 2.4 (8), 3.1 (16), 3.3 (4),
3.5 (2), 4.1 (4), 4.3 (4), 4.5 (2)
he 1.1 (14), 1.2 (15), 1.3 (5), 1.4 (2),
1.5 (2), 2.1 (6), 2.2 (3), 2.3 (5), 2.4 (5), 3.1 (11), 3.2 (6), 3.3 (8), 4.1 (12), 4.2 (6), 4.3 (6), 4.4 (2)
he’s 3.3 (11), 3.4 (8), 4.1 (6), 4.3 (1) heavier 4.3 (1)
heavy 4.3 (6)
hello 1.1 (2), 1.2 (2), 1.3 (2), 1.4 (4),
1.5 (2), 2.3 (6), 2.4 (4), 2.5 (2),
3.1 (1), 3.2 (3), 3.5 (2), 4.5 (4) her 2.1 (14), 2.2 (8), 2.3 (3), 2.4 (8),
3.1 (1), 3.2 (6), 3.4 (13), 4.2 (6) hi 2.3 (2), 2.4 (11), 2.5 (2), 3.5 (4)
his 2.1 (16), 2.2 (6), 2.3 (4), 2.4 (6), 3.2 (5), 3.3 (1), 3.4 (13), 4.2 (5),
4.3 (1)
horse 1.2 (5), 1.4 (2), 2.1 (2), 2.3 (1),
3.4 (1), 4.3 (1)
horses 3.3 (1), 3.4 (2), 4.2 (1)
hospital 3.1 (4), 3.2 (1), 3.5 (1), 4.1 (1) hot 2.4 (9)
hotel 3.2 (2)
house 2.2 (9), 2.3 (10), 2.4 (2), 3.2 (10),
4.1 (2), 4.2 (2), 4.3 (5)
how 1.4 (22), 2.1 (9), 2.4 (13), 2.5 (1),
3.1 (7), 3.2 (2), 3.3 (6), 3.4 (1), 3.5 (2), 4.2 (9), 4.3 (4), 4.4 (1), 4.5 (4)
hugging 2.2 (5)
hungry 2.4 (14), 2.5 (4)
husband 2.1 (2), 2.2 (3), 3.2 (2), 3.4 (1),
4.2 (2)
I 1.3 (26), 1.4 (8), 1.5 (4), 2.1 (7),
2.2 (7), 2.3 (26), 2.4 (14), 3.1 (24), 3.2 (3), 3.3 (12), 3.4 (3), 3.5 (8), 4.1 (9), 4.2 (18), 4.3 (11), 4.4 (11), 4.5 (7)
I’m 2.4 (28), 2.5 (5), 3.1 (10), 3.2 (14), 3.3 (14), 3.4 (13), 3.5 (4), 4.1 (11),
4.3 (1), 4.4 (2)
in 2.2 (27), 2.3 (29), 2.5 (1), 3.1 (12),
3.2 (21), 3.3 (1), 3.4 (15), 3.5 (3),
4.3 (1) inexpensive 4.3 (9)
inside 3.1 (8), 3.5 (1)
is 1.1 (76), 1.2 (64), 1.3 (65), 1.4 (59),
1.5 (4), 2.1 (55), 2.2 (83), 2.3 (64), 2.4 (52), 2.5 (12), 3.1 (24), 3.2 (54), 3.3 (38), 3.4 (46), 3.5 (3), 4.1 (25), 4.2 (24), 4.3 (78), 4.4 (26), 4.5 (4)
Isabella 2.3 (1)
41
it 1.3 (9), 3.1 (11), 3.3 (2), 3.4 (1), 3.5 (4), 4.1 (3), 4.2 (5), 4.3 (4),
4.4 (4), 4.5 (2)
it’s 3.4 (1), 4.3 (2), 4.4 (4)
Italy 2.3 (5)
Jane 3.1 (1), 3.5 (1)
Japan 2.3 (5), 3.3 (1)
jeans 2.4 (4), 4.4 (3)
jewelry 4.1 (13), 4.3 (5), 4.4 (1)
John 2.3 (2)
Jones 2.3 (4), 2.4 (2)
juice 4.2 (7)
keys 1.4 (5), 2.1 (1), 2.2 (3), 4.1 (2) kissing 2.2 (5)
kitchen 2.2 (8), 2.3 (3), 3.4 (4), 3.5 (1) ladder 4.1 (8), 4.3 (1)
laptop 2.2 (2)
least 4.4 (2)
less 4.2 (10), 4.4 (5)
Levy 3.2 (1)
li 2.5 (1), 3.3 (1)
light 4.3 (7)
lighter 4.3 (2)
lightest 4.3 (1)
like 4.2 (41), 4.4 (8), 4.5 (2)
likes 4.2 (11)
Lima 2.5 (1)
Lin 2.3 (1), 3.3 (1)
listen 4.2 (1)
listening 2.2 (4), 3.2 (1), 4.2 (2)
live 2.3 (25), 2.5 (2), 3.2 (2), 3.3 (1),
3.4 (1)
lives 2.3 (1), 3.4 (1)
living 2.2 (7), 3.1 (1), 3.2 (1), 3.4 (3) love 2.2 (7)
loves 2.2 (3)
lunch 3.1 (4), 3.2 (3), 3.4 (1), 4.3 (1) made 4.3 (11)
man 1.1 (14), 1.2 (8), 1.3 (3), 1.4 (5), 2.1 (5), 2.2 (13), 2.3 (1), 2.4 (7),
3.1 (3), 3.2 (4), 3.3 (4), 3.4 (4),
4.2 (8), 4.3 (5), 4.4 (3)
many 1.4 (22), 3.3 (3), 3.4 (1), 3.5 (1),
4.3 (1), 4.5 (2)
me 3.3 (4), 4.1 (6), 4.4 (1)
meat 4.1 (5)
medicine 4.1 (6)
meet 2.3 (6), 2.5 (4), 3.2 (1), 3.5 (2) Mei 2.3 (1)
men 1.1 (7), 1.4 (2), 3.1 (3), 3.3 (1),
4.1 (1)
metal 4.3 (11), 4.4 (1)
Michael 3.2 (1)
Mike 2.3 (2)
milk 1.2 (6), 1.3 (1), 3.2 (4), 4.2 (1) Miss 2.3 (1)
Mom 2.4 (2), 3.4 (3)
Monday money month months moon more morning Moscow most mother
movie Mr Mrs Ms much my
name Nancy
near
need
needs
new
New York newspaper newspapers nice
night nine
nineteen no
none not
of old
older oldest on
one
open orange oranges our
3.2 (4)
4.1 (7), 4.2 (2), 4.4 (2)
3.2 (2)
3.2 (3)
1.3 (2)
4.2 (30), 4.3 (7), 4.4 (3)
3.1 (12), 3.2 (2), 4.5 (2)
2.3 (4), 3.2 (1)
4.3 (7), 4.4 (3)
2.1 (10), 2.2 (4), 2.3 (2), 2.4 (1),
3.4 (1), 4.2 (2)
4.2 (6)
2.3 (1), 2.4 (1), 3.3 (2)
2.3 (2), 2.4 (1), 3.3 (1)
2.3 (2), 3.1 (1)
4.2 (9), 4.3 (3), 4.4 (1), 4.5 (1)
2.1 (33), 2.2 (15), 2.3 (32), 2.4 (14), 2.5 (6), 3.1 (2), 3.2 (15), 3.3 (7),
3.4 (9), 3.5 (1), 4.1 (7), 4.3 (16),
4.4 (5)
2.3 (36), 2.5 (6), 3.2 (2), 3.3 (3)
2.3 (1)
2.3 (8), 2.5 (1), 4.1 (5)
4.1 (16), 4.3 (3), 4.4 (5), 4.5 (2)
4.1 (11)
4.1 (16), 4.2 (2)
2.3 (1), 3.3 (1), 3.4 (1)
1.2 (7), 1.4 (2), 2.1 (1), 2.2 (4), 4.2 (1) 1.4 (1), 2.1 (1)
2.3 (6), 2.5 (4), 3.2 (1), 3.5 (2)
3.1 (8)
2.1 (7), 2.5 (1), 3.2 (1), 3.3 (3),
3.4 (1), 4.2 (2)
3.1 (4)
1.2 (4), 1.3 (1), 1.4 (1), 2.1 (2),
2.2 (1), 2.4 (6), 2.5 (1), 3.3 (2),
3.5 (1), 4.1 (2), 4.3 (4), 4.4 (5),
4.5 (1)
4.4 (4)
1.2 (18), 1.3 (4), 1.4 (4), 2.1 (5),
2.2 (1), 2.4 (6), 2.5 (1), 3.1 (11),
3.2 (1), 3.3 (2), 4.1 (2), 4.2 (2),
4.4 (1), 4.5 (1)
2.3 (4), 4.3 (11), 4.4 (16)
2.1 (26), 2.5 (2), 3.1 (4), 3.2 (10), 3.3 (6), 4.1 (13), 4.2 (2), 4.3 (7),
4.4 (2)
4.3 (1)
4.3 (1)
2.2 (16), 2.3 (2), 3.2 (3), 3.4 (5),
4.1 (3)
1.4 (24), 2.1 (3), 3.2 (2), 3.3 (2),
4.2 (2), 4.3 (1)
4.4 (10), 4.5 (2)
2.4 (4), 4.2 (2)
4.2 (5)
2.1 (5), 3.2 (15), 4.4 (2)
42
outside pants paper parents Paris park
Parker Paulo pay paying Pei-chi pen pens
people person pharmacy phone phones Pierre pillow Pine
pink plastic plate plates
play playing
police officer police officers Popov
pounds purple
radio read reading
reads red
Reem restaurant rice
Rome room
run running
Russia Russian
3.1 (8), 3.5 (1)
1.4 (8), 2.4 (1), 3.4 (1), 4.2 (1) 4.3 (15), 4.4 (3)
2.1 (7), 2.2 (3), 3.3 (2), 3.4 (1) 2.3 (6), 3.2 (1)
2.3 (6), 3.1 (5), 3.2 (2), 3.5 (1), 4.1 (2), 4.3 (1)
3.1 (1)
2.5 (1)
4.3 (8), 4.5 (2)
4.3 (4)
2.5 (3)
1.2 (4), 1.3 (1)
1.2 (1), 1.3 (1), 1.4 (1), 2.1 (1), 4.3 (3), 4.4 (1)
3.3 (6), 3.4 (3)
3.3 (5)
4.1 (8), 4.4 (1)
1.4 (3), 4.1 (3), 4.2 (1)
1.4 (5), 4.4 (2)
2.3 (1)
3.4 (6)
4.1 (1)
2.4 (5), 3.4 (4), 4.2 (4)
4.3 (15), 4.4 (3)
1.4 (1), 4.3 (2)
1.4 (3), 2.1 (1), 2.2 (2), 3.1 (1), 3.3 (8), 3.4 (1), 3.5 (3), 4.3 (7), 4.4 (1)
3.1 (2), 3.5 (8), 4.2 (11)
2.1 (6), 2.2 (1), 2.3 (1), 3.1 (4), 3.2 (8), 4.2 (4)
1.3 (3), 1.4 (1), 2.1 (1), 2.3 (2) 1.3 (2), 1.4 (2)
2.3 (1)
4.2 (4), 4.3 (2)
2.4 (4), 3.4 (1), 4.1 (1), 4.2 (2) 2.2 (6), 3.2 (1), 4.1 (1), 4.2 (2) 4.2 (2)
1.1 (20), 1.2 (7), 1.3 (1), 1.4 (2), 1.5 (1), 2.1 (8), 3.1 (2), 3.2 (2), 3.3 (11), 3.4 (2), 4.1 (1)
3.1 (2)
1.3 (24), 1.4 (5), 2.4 (5), 3.2 (1), 4.1 (2), 4.2 (6), 4.4 (1), 4.5 (1) 3.3 (1)
3.1 (3), 3.2 (2), 4.5 (2)
1.2 (7), 1.3 (2), 3.2 (3), 3.5 (1), 4.4 (3)
2.3 (5), 3.2 (1)
2.2 (11), 2.3 (1), 3.1 (1), 3.2 (1), 3.4 (4)
4.2 (1)
1.1 (19), 1.2 (10), 1.3 (1), 1.4 (2), 3.1 (2), 3.2 (1)
2.3 (5), 3.2 (1), 3.3 (1), 3.5 (1) 3.3 (14)
same 4.4 (16), 4.5 (2)
sandwich 1.2 (5), 1.3 (1), 1.4 (1), 2.1 (1),
4.2 (1)
sandwiches 1.2 (3), 1.4 (5), 2.1 (1)
Sarah 2.3 (2), 2.4 (2) Saturday 3.2 (5)
school 3.1 (5), 3.5 (1) sell 4.3 (1), 4.5 (2) selling 4.1 (7)
sells 4.1 (8)
seven 2.1 (6), 3.2 (2), 3.3 (3), 4.2 (1) seventeen 3.1 (4)
she 1.1 (10), 1.2 (11), 1.3 (4), 1.4 (5),
2.1 (14), 2.2 (4), 2.3 (5), 2.4 (3), 3.1 (9), 3.3 (7), 3.4 (1), 4.1 (12), 4.2 (2), 4.3 (3), 4.4 (4)
she’s 3.3 (4), 3.4 (7), 3.5 (1), 4.1 (8), 4.3 (1)
sheet 3.4 (5), 4.3 (1)
sheets 3.4 (1)
shirt 1.4 (5), 2.2 (1), 3.4 (5), 4.2 (8),
4.4 (1) shirts 4.4 (2)
shoe 2.2 (1), 4.4 (1)
shoes 1.4 (8), 2.2 (2), 2.4 (1), 3.1 (6),
4.2 (5), 4.4 (3) shopping 4.1 (9)
short 2.4 (5), 4.4 (1) sick 2.4 (5) Simpson 2.3 (2)
sink 2.2 (5)
sister 2.1 (2), 2.2 (4), 2.3 (1), 3.2 (2) sisters 2.1 (3), 3.1 (2)
sitting 2.2 (6), 2.3 (2), 3.2 (1), 4.4 (3) six 1.4 (9), 2.1 (5), 3.3 (3)
sixteen 3.1 (4)
sixty 3.3 (3), 4.2 (1), 4.3 (1)
size 4.4 (8)
sizes 4.4 (6)
skirt 1.4 (6), 3.4 (1), 4.2 (2)
sky 1.3 (2)
sleeping 1.2 (11), 2.1 (2), 2.3 (1), 3.4 (2) sleeps 3.1 (1)
slow 4.3 (5)
slower 4.3 (1)
small 1.3 (6), 2.1 (1), 2.2 (2), 4.2 (5),
4.3 (2), 4.4 (8) smaller 4.3 (2), 4.5 (2)
smallest 4.3 (1)
smell 3.2 (2), 3.4 (2), 3.5 (1) smelling 3.2 (4)
smells 3.2 (5), 3.5 (1)
Smith 2.3 (6)
soap 3.4 (4), 4.1 (1)
soccer 4.2 (11)
socks 2.4 (5), 3.1 (6), 3.2 (1), 3.4 (2) some 4.3 (5), 4.4 (11)
43
son 2.1 (7), 2.2 (3), 3.1 (1), 3.2 (2), 4.2 (2), 4.4 (1)
sons 2.1 (4)
speak 3.3 (25), 3.5 (2)
speaking 3.3 (12)
speaks 3.3 (6)
spring 3.2 (3)
standing 2.2 (6), 2.3 (2)
store 4.1 (27), 4.4 (6)
street 2.3 (7), 3.4 (1)
Street 4.1 (2)
student 1.3 (4), 2.3 (1), 4.2 (1)
students 1.3 (2), 1.4 (1)
studying 3.3 (10)
Sue 2.3 (1)
suit 2.4 (10), 3.1 (2), 4.5 (4)
suits 4.5 (2)
summer 3.2 (5)
sun 1.3 (2)
Sunday 3.2 (5)
sunglasses 4.1 (5), 4.2 (4), 4.4 (1)
sweater 2.4 (10), 3.4 (3), 4.2 (3)
swim 4.2 (1)
swimming 1.1 (8), 1.2 (7), 3.2 (2)
T-shirt 1.4 (4), 2.4 (2), 3.4 (1), 4.2 (2),
4.4 (2)
T-shirts 1.4 (2), 3.4 (1)
table 1.4 (1), 2.2 (7), 3.2 (1), 4.1 (1), 4.3 (4)
tables 1.4 (4)
tall 2.4 (5)
taste 3.5 (1)
tastes 3.2 (7), 3.5 (1) tasting 3.2 (6)
Taylor 3.1 (2)
tea 4.2 (7)
teacher 1.3 (5), 2.1 (1), 2.3 (2), 3.1 (1),
3.3 (5), 4.2 (1), 4.3 (2) teachers 1.3 (1)
teaching 3.3 (16)
teeth 3.4 (10)
television 2.2 (6), 3.1 (1), 3.2 (1), 3.4 (1),
4.1 (7), 4.2 (1), 4.3 (3)
ten 2.1 (6), 3.2 (1), 3.3 (3), 4.2 (2),
4.3 (3) tennis 4.2 (7)
than 4.2 (32), 4.3 (3), 4.4 (3)
thank 3.2 (4), 4.4 (5), 4.5 (4)
the 1.1 (76), 1.2 (50), 1.3 (69), 1.4 (31),
2.1 (15), 2.2 (91), 2.3 (33), 2.4 (24), 3.1 (33), 3.2 (57), 3.3 (14), 3.4 (61), 3.5 (6), 4.1 (38), 4.2 (65), 4.3 (32), 4.4 (71), 4.5 (7)
their 2.1 (13), 2.2 (3), 2.4 (2), 3.2 (1), 3.4 (7)
them 4.1 (1)
there 1.4 (56), 3.2 (3), 3.3 (2)
these they
they’re
thirsty thirteen thirty this
three
Thursday ticket
tie
ties
tired to
today
toes
toilet
too toothbrush toothpaste towel towels
toy
toys tree trees Tuesday twelve twenty
two
umbrella umbrellas under
United States up
vegetables Viktor visiting Vladimir waking walking want wants wash washing
2.1 (9), 3.1 (2), 3.2 (2), 3.3 (2), 4.3 (2), 4.4 (26)
1.1 (9), 1.2 (18), 1.3 (8), 2.1 (10), 2.3 (3), 2.4 (1), 2.5 (2), 3.1 (4), 3.2 (8), 4.2 (2)
3.2 (2), 3.3 (1), 3.4 (9), 4.1 (6), 4.2 (4), 4.3 (1), 4.4 (3)
2.4 (11), 2.5 (2), 3.4 (1)
3.1 (4)
3.3 (12), 4.5 (1)
1.2 (16), 1.4 (10), 1.5 (2), 2.1 (23), 2.2 (10), 2.3 (19), 2.4 (4), 2.5 (6), 3.1 (4), 3.2 (21), 3.3 (15), 3.4 (1), 3.5 (3), 4.1 (8), 4.2 (6), 4.3 (49), 4.4 (8), 4.5 (2)
1.4 (18), 2.1 (3), 3.2 (1), 3.3 (2), 4.2 (2)
3.2 (4)
4.1 (4), 4.2 (4), 4.3 (1)
2.4 (5), 3.1 (2)
3.1 (1), 3.3 (1), 4.4 (2)
2.4 (5)
2.2 (2), 2.3 (6), 2.5 (4), 3.2 (10), 3.5 (2), 4.2 (20), 4.3 (8), 4.5 (2) 3.2 (10), 4.3 (1), 4.4 (2)
3.2 (3)
2.2 (3)
4.4 (19), 4.5 (2)
3.4 (5)
3.4 (3)
3.4 (5), 4.1 (1)
4.4 (2)
4.1 (3), 4.2 (4), 4.4 (1)
4.1 (3), 4.4 (5)
1.4 (1), 2.3 (2), 3.2 (5)
1.4 (4)
3.2 (4)
2.1 (5), 3.2 (1), 4.2 (1)
3.1 (3), 3.2 (1), 3.3 (10), 4.2 (2), 4.4 (1)
1.4 (19), 2.1 (4), 2.3 (1), 3.1 (1), 3.2 (1), 3.3 (2), 3.5 (1), 4.2 (1)
4.1 (8)
4.1 (1)
2.2 (9), 3.4 (1)
2.3 (9), 3.2 (2), 3.3 (2)
3.4 (9)
4.1 (7)
2.3 (2)
3.2 (9), 3.4 (1), 3.5 (1)
2.3 (1)
3.4 (9)
1.2 (7), 1.3 (1), 1.4 (2), 3.2 (1)
4.1 (3), 4.3 (10), 4.4 (8), 4.5 (6) 4.1 (8)
3.4 (1)
3.4 (23), 3.5 (3)
44
watches 3.1 (1)
watching 2.2 (4), 3.2 (1), 3.4 (1), 4.2 (2) water 1.2 (5), 1.3 (1), 1.4 (1), 3.2 (1), 3.4 (2) we 1.3 (9), 1.4 (7), 1.5 (1), 2.1 (3),
2.2 (1), 2.3 (9), 2.4 (9), 3.1 (2),
3.3 (5), 3.5 (1), 4.3 (1)
we’re 2.4 (3), 2.5 (1), 3.1 (5), 3.2 (4),
3.3 (3), 3.5 (1), 4.1 (3)
wearing 1.4 (20), 2.4 (8), 3.1 (4), 3.4 (2),
4.2 (2) Wednesday 3.2 (3) week 3.2 (2) weeks 3.2 (3)
welcome 3.2 (8), 4.4 (5), 4.5 (4)
wet 3.4 (6)
what 1.2 (8), 1.3 (12), 1.4 (6), 1.5 (5),
2.1 (2), 2.3 (6), 2.4 (6), 2.5 (3), 3.1 (1), 3.2 (3), 3.4 (1), 3.5 (2), 4.1 (3), 4.2 (5), 4.4 (4), 4.5 (1)
when 3.1 (8), 3.2 (1), 3.5 (1)
where 2.2 (9), 2.3 (11), 2.5 (3), 3.1 (3),
3.2 (3), 3.4 (3), 3.5 (4), 4.1 (5) which 4.2 (20), 4.3 (1), 4.4 (7), 4.5 (1)
white 1.3 (18), 1.4 (4), 2.4 (1), 4.1 (1), 4.2 (4), 4.3 (1)
who 1.4 (13), 2.1 (4), 3.2 (2), 3.3 (2), 4.2 (3)
why 3.4 (13), 3.5 (1), 4.1 (3), 4.4 (1) wife 2.1 (3), 2.2 (2), 3.2 (1), 3.4 (1), 4.2 (3) Wilson 2.3 (2)
window 2.2 (6), 3.2 (1), 4.4 (3)
winter 3.2 (5)
with 3.2 (11), 3.4 (3), 4.3 (12), 4.5 (1) woman 1.1 (16), 1.2 (9), 1.3 (3), 1.4 (8),
2.1 (7), 2.2 (5), 2.3 (1), 2.4 (7),
3.1 (2), 3.2 (4), 3.3 (4), 3.4 (5),
4.1 (1), 4.2 (6), 4.3 (5), 4.4 (2) women 1.1 (9), 1.2 (2), 1.4 (3), 3.1 (3),
3.3 (1), 4.1 (1), 4.2 (4) wood 4.3 (6)
wooden 4.3 (9), 4.4 (1)
work 3.1 (19), 3.2 (4), 3.5 (5) working 3.1 (2), 3.2 (2)
works 3.1 (7)
write 3.1 (5)
writing 1.1 (7), 1.2 (2), 1.3 (2), 1.4 (3),
2.1 (1), 3.3 (8) year 2.1 (1), 3.2 (2)
years 2.1 (16), 2.5 (1), 3.1 (2), 3.2 (1), 3.3 (3), 4.4 (2)
yellow 1.3 (12), 1.4 (4), 2.4 (1), 3.4 (1), 4.2 (2), 4.4 (3)
yes 1.2 (4), 1.3 (1), 1.4 (4), 1.5 (2), 2.2 (4), 2.4 (5), 2.5 (5), 3.1 (1), 3.3 (4), 3.5 (5), 4.1 (2), 4.4 (4),
4.5 (5)
you 1.3 (12), 1.4 (9), 1.5 (5), 2.1 (13),
2.3 (18), 2.4 (25), 2.5 (10), 3.1 (22), 3.2 (13), 3.3 (11), 3.4 (8), 3.5 (14), 4.1 (10), 4.2 (14), 4.3 (6), 4.4 (15), 4.5 (11)
you’re 3.3 (4), 4.1 (1), 4.4 (6), 4.5 (4) young 4.3 (7)
younger 4.3 (1)
youngest 4.3 (1)
your 2.2 (10), 2.3 (6), 2.4 (2), 2.5 (6), 3.2 (3), 3.3 (2), 3.4 (3), 3.5 (1),
4.3 (2) Yu 2.5 (1) zero 2.1 (3)
