a 1.1 (27), 1.2 (18), 1.3 (39), 1.4 (29), 1.5 (3), 2.1 (19), 2.2 (26), 2.3 (43),
3.1 (2), 3.2 (3), 3.3 (10), 3.4 (4), 3.5 (1), 4.1 (4), 4.2 (11), 4.3 (8), 4.4 (8), 4.5 (1)
Anderson 2.2 (1)
Andy 4.4 (2)
angry 3.3 (1)
animal 1.3 (2), 2.3 (1), 3.1 (2), 3.3 (3),
4.4 (1)
animals 2.3 (1), 3.3 (1)
Antarctica 2.3 (1)
any 1.4 (1), 2.1 (2), 2.3 (1), 2.5 (3),
3.4 (1), 4.2 (1), 4.3 (1) anymore 4.3 (5)
anything 4.5 (2)
anyway 3.2 (6)
apartment 2.2 (1), 3.1 (2), 3.2 (1), 3.5 (10) apartments 3.5 (2)
apple 1.3 (1), 4.4 (3)
apples 3.3 (1), 4.4 (2)
appointment 2.2 (9), 2.5 (2), 3.1 (1)
architect 2.2 (7)
architects 2.2 (1)
are 1.1 (21), 1.2 (13), 1.3 (9), 1.4 (10),
1.5 (9), 2.1 (7), 2.2 (12), 2.3 (6), 2.4 (3), 2.5 (7), 3.1 (15), 3.2 (3), 3.3 (12), 3.4 (9), 3.5 (8), 4.1 (3), 4.2 (13), 4.3 (7), 4.4 (10), 4.5 (3)
aren’t 2.2 (1), 4.4 (1)
arm 1.3 (1), 4.3 (8), 4.4 (1)
arrived 4.3 (1)
art 1.1 (1), 1.3 (2), 2.1 (1)
Arthur 2.5 (1)
artist 2.1 (8), 2.4 (1)
Asia 1.1 (1), 2.3 (1), 3.2 (1)
ask 1.1 (1), 2.4 (1), 3.4 (1), 3.5 (1) at 1.1 (3), 1.2 (3), 1.3 (1), 2.1 (1),
2.2 (11), 2.4 (8), 2.5 (1), 3.1 (1), 3.2 (2), 3.3 (3), 3.4 (13), 3.5 (3), 4.1 (6), 4.2 (2), 4.3 (2)
ate 1.3 (1), 3.1 (2), 3.2 (1), 3.3 (1), 4.1 (2), 4.4 (1)
Australia 2.3 (1)
babies 2.2 (2)
baby 1.2 (1), 1.4 (1), 3.2 (1), 3.3 (1),
3.4 (1), 4.1 (1), 4.2 (1) backpack 1.3 (3), 3.1 (1)
bad 2.1 (4)
badly 3.3 (1), 3.4 (1), 4.1 (1) bake 4.4 (1)
baked 2.2 (1), 3.1 (1), 4.3 (1) Baker 2.2 (2)
baking 4.3 (1)
2.4 (39), 2.5 (10), 3.1 (24), 3.2 3.3 (32), 3.4 (40), 3.5 (11), 4.1 4.2 (16), 4.3 (23), 4.4 (24), 4.5
a.m. 1.1 (4), 2.4 (1)
able 2.1 (2), 2.2 (1), 2.4 (2), 3.3 (1),
4.4 (1)
about 1.1 (1), 2.1 (1), 2.2 (1), 3.1 (1),
3.3 (8), 3.4 (1), 3.5 (2), 4.2 (1),
4.3 (2), 4.4 (1) above 3.1 (6), 3.5 (2)
achoo 4.5 (1)
actor 2.1 (2)
actress 2.1 (3)
add 4.4 (2)
address 1.1 (2)
adult 4.3 (1)
adults 1.1 (2)
afraid 3.1 (2), 4.3 (1)
Africa 1.1 (1), 2.3 (1), 4.1 (1)
after 2.1 (1), 4.1 (3), 4.5 (1) afternoon 1.2 (1), 1.5 (1), 3.3 (1), 4.3 (1) again 4.3 (1), 4.4 (2)
ago 2.1 (1), 3.3 (1), 4.3 (1), 4.5 (1) ahead 1.2 (1)
airplane 2.2 (1), 4.3 (1)
airplanes 2.2 (1)
airport 3.3 (4)
airports 1.2 (2)
Alejo 1.1 (1)
Alice 2.5 (1)
all 2.3 (1), 2.4 (1), 3.2 (1), 3.4 (1),
4.3 (4) Allen 4.1 (1)
allergic 4.3 (12), 4.5 (3)
almost 2.3 (4)
alone 2.1 (6), 4.5 (1)
already 1.3 (2), 3.3 (4), 3.4 (1), 4.4 (1) also 3.5 (3)
although 3.2 (5), 4.3 (1)
always 1.3 (2), 3.1 (1), 3.3 (1), 4.2 (2),
4.3 (1) am 4.3 (1)
(26), (22), (6)
American 1.1 (1), 2.2 (1)
an 1.1 (1), 1.3 (5), 2.1 (12), 2.2 (15),
2.3 (3), 2.4 (6), 2.5 (3), 3.1 (1), 3.2 (6), 3.3 (1), 3.4 (6), 3.5 (3), 4.3 (3), 4.4 (1)
ancient 1.1 (1), 1.5 (2)
and 1.1 (2), 1.2 (3), 1.3 (3), 1.4 (5),
1.5 (1), 2.1 (1), 2.2 (2), 2.3 (6),
39
balcony 3.1 (4), 3.5 (1) ball 2.1 (3), 3.4 (1) balloon 3.3 (2) balloons 3.3 (2)
banana 1.3 (1)
bananas 3.3 (2), 4.4 (1)
band 1.2 (1)
Barcelona 1.1 (2)
baseball 2.1 (15), 2.4 (2), 3.1 (1) Baseball 2.1 (1)
basketball 2.1 (11), 2.2 (1), 4.1 (2)
bath 3.2 (1)
bathroom 1.3 (1), 2.2 (1), 3.2 (1) batteries 2.3 (9)
battery 2.3 (13), 3.2 (1)
be 1.2 (9), 1.4 (5), 1.5 (1), 2.1 (8),
2.3 (1), 3.1 (2), 3.2 (8), 3.3 (2),
3.4 (2), 4.1 (1), 4.3 (3), 4.4 (2) beach 1.2 (4), 3.2 (1), 3.3 (1)
beans 1.4 (1)
beard 4.2 (3), 4.3 (1), 4.5 (2)
beards 4.2 (1)
beautiful 1.5 (1), 2.5 (1), 3.1 (1), 3.5 (1),
4.2 (2)
because 1.2 (2), 2.2 (1), 3.1 (7), 3.2 (2),
3.3 (11), 3.5 (2), 4.2 (3), 4.3 (13),
4.5 (1)
bed 3.1 (1), 4.2 (1)
Bedran 1.2 (1)
bedroom 2.2 (1), 2.3 (1), 3.3 (1), 3.4 (2) beef 1.4 (1), 4.4 (6)
been 1.3 (2), 2.1 (3), 2.3 (2), 3.2 (6),
4.3 (22), 4.4 (1), 4.5 (4)
before 1.3 (1), 2.1 (1), 2.3 (1), 3.1 (1),
3.4 (1), 4.1 (4), 4.2 (1), 4.4 (7), 4.5 (2) began 3.1 (1), 3.2 (1), 4.3 (2)
begin 1.1 (1), 2.1 (1) beginning 1.2 (1)
begins 1.1 (1)
begun 3.4 (1)
behind 3.1 (1)
Benjamin 2.1 (3)
best 4.1 (1)
Beth 4.4 (2)
bicycle 1.2 (1), 2.1 (1), 2.2 (1), 3.3 (1),
3.4 (2), 4.3 (1) bicycles 1.2 (1), 3.2 (1), 3.3 (1)
bill 1.4 (8), 1.5 (3)
bird 3.4 (3)
birthday 2.2 (2), 3.3 (3), 4.2 (1) black 4.1 (1)
blanket 3.3 (1), 4.1 (2)
bless 4.3 (5), 4.5 (1)
blocks 3.3 (6)
blond 4.2 (1)
blue 1.1 (1), 1.3 (2), 4.1 (3) board 3.2 (2)
boards 3.2 (3)
boat 3.2 (1)
boiled 4.4 (4)
boiling 4.4 (3)
book 1.1 (1), 1.3 (1), 2.2 (1), 2.4 (4),
3.2 (1), 3.3 (1), 4.2 (1) bookshelves 3.1 (3)
boot 4.2 (1)
boots 4.1 (6), 4.2 (2)
bored 1.2 (8)
born 3.3 (1)
both 4.4 (6), 4.5 (1)
bottle 1.4 (6)
bottles 1.4 (1)
bought 1.3 (4), 2.5 (1), 3.3 (3), 4.1 (2) bowl 1.3 (1), 4.4 (3)
bowls 4.4 (1)
box 1.3 (2), 3.1 (1)
boxes 3.1 (2)
boy 1.1 (1), 1.2 (3), 2.3 (1), 2.4 (3),
3.1 (2), 3.3 (2), 4.4 (3) boyfriend 2.2 (2), 3.1 (1), 4.4 (1)
boys 3.3 (5)
bracelet 4.2 (1)
bracelets 4.2 (2)
Brazil 2.4 (1), 4.2 (1)
bread 1.4 (1), 4.4 (1)
breakfast 1.1 (1), 2.1 (1), 2.2 (1), 3.3 (1),
4.1 (2), 4.4 (1) bricks 3.2 (3)
bridge 3.4 (2)
bridges 2.2 (1)
bring 2.5 (1), 3.1 (2)
bringing 3.1 (1)
brings 1.1 (1)
brochure 1.1 (5), 1.5 (1)
broke 3.3 (8), 4.1 (1), 4.3 (4), 4.5 (1) broken 3.2 (1), 3.5 (3), 4.3 (2), 4.4 (1) broom 3.2 (4)
brother 3.1 (2), 3.2 (1), 3.3 (1)
brothers 3.3 (1)
brought 2.3 (1), 3.1 (1), 3.3 (1), 4.1 (1) brown 2.1 (1), 2.4 (1), 4.1 (2), 4.2 (1), 4.3 (1) Brown 2.4 (1)
bucket 3.2 (3), 3.5 (2)
build 2.4 (1)
building 2.2 (1), 2.4 (1), 3.2 (1), 3.4 (3)
40
buildings 1.5 (1), 2.2 (1)
built 1.5 (4), 2.1 (1), 3.3 (2)
burn 4.4 (1)
burned 4.4 (4)
burning 4.4 (1)
bus 1.1 (2), 3.1 (1), 3.2 (1), 3.4 (1) business 1.2 (1), 2.2 (1), 3.1 (1), 3.4 (1) businessman 2.4 (1), 3.4 (3), 4.4 (1) businessmen 3.4 (1)
but 1.3 (7), 1.4 (1), 2.1 (5), 2.2 (2),
2.3 (8), 2.4 (1), 2.5 (4), 3.1 (1), 3.2 (3), 3.3 (4), 3.4 (1), 3.5 (2), 4.2 (4), 4.3 (12), 4.4 (4), 4.5 (2)
butter 1.4 (1)
button 4.2 (5)
buttoned 4.2 (2)
buttoning 4.2 (2)
buy 1.3 (4), 2.5 (2), 3.3 (3), 4.2 (1) buying 3.2 (2), 4.4 (1)
by 1.1 (1), 2.2 (7), 3.1 (1), 4.1 (1) cabinet 3.1 (3)
cabinets 3.1 (2)
cafe 1.1 (1), 1.3 (2)
cake 2.2 (1), 3.1 (2), 4.3 (1), 4.4 (4) call 3.2 (8), 3.5 (2), 4.1 (1), 4.3 (2) called 3.5 (1), 4.1 (2)
calling 3.5 (2), 4.1 (1)
came 3.2 (1), 4.1 (2) camera 2.3 (8) cameras 2.3 (1) camping 2.3 (1)
can 1.1 (1), 1.3 (2), 1.4 (5), 1.5 (2), 2.1 (8), 2.2 (4), 2.3 (2), 2.5 (1), 3.1 (2), 3.2 (4), 3.3 (1), 3.4 (5), 3.5 (3), 4.1 (6), 4.2 (3), 4.4 (5),
4.5 (4)
can’t 1.1 (1), 1.2 (1), 1.3 (8), 2.1 (2),
3.2 (1), 3.3 (1), 4.3 (6) canyon 2.3 (3)
car 1.3 (1), 2.1 (2), 2.2 (2), 3.2 (4), 3.3 (5), 3.4 (13), 4.2 (2)
card 4.1 (3)
careful 2.3 (1), 3.1 (1), 3.4 (1), 4.3 (1),
4.4 (1) Caroline 2.2 (1) carpet 3.2 (5) carried 3.4 (1) carry 1.3 (2)
carrying 3.2 (1), 4.1 (1)
cars 3.4 (2)
cast 4.3 (5)
castle 1.1 (6), 1.3 (1), 1.5 (5), 3.3 (1)
cat 2.1 (1), 3.4 (1)
catch 2.1 (1), 2.4 (1), 3.3 (1) cathedral 1.1 (7), 1.3 (1)
Catherine 3.5 (1)
cats 3.1 (1), 4.3 (4)
caught 2.4 (1)
cave 2.3 (11)
caves 2.3 (2)
ceiling 1.3 (1), 3.1 (2)
celebrate 2.2 (1)
celebrating 3.1 (1)
cell 2.3 (6), 3.4 (1)
century 1.3 (18), 1.4 (1), 1.5 (4)
cereal 4.4 (4)
chair 1.3 (1), 2.1 (1), 3.1 (1), 4.1 (1) championship 2.1 (8), 3.1 (1)
charge 2.3 (2)
charged 2.3 (3)
charging 2.3 (1)
check 2.4 (2)
chicken 1.4 (1), 2.4 (1), 3.4 (1), 4.4 (7) child 2.1 (1), 3.3 (3), 4.1 (1)
children 1.2 (1), 2.1 (2), 2.4 (2), 3.2 (1),
3.3 (1), 3.4 (2), 4.1 (1), 4.2 (1),
4.4 (1) China 1.2 (1)
choosing 2.2 (1), 4.2 (1), 4.4 (2) chose 4.1 (1)
church 2.2 (1)
churches 1.2 (2)
Cindy 4.1 (1)
city 1.5 (2), 2.1 (2), 4.1 (1), 4.4 (1) Clancy 2.2 (1)
Clark 2.2 (1)
clean 3.1 (1), 3.2 (4), 3.3 (1), 3.4 (1),
4.2 (1) cleaned 3.3 (1)
cleaners 4.1 (4), 4.3 (1) cleaning 2.3 (1)
client 2.2 (3), 2.5 (2) clients 2.2 (4)
climb 2.3 (1), 2.4 (4), 3.3 (2) climbed 3.3 (2)
climbing 2.3 (1), 3.3 (1)
clock 3.1 (2), 3.2 (1)
close 3.1 (4), 3.4 (2)
closed 1.1 (1), 3.1 (1), 3.4 (1)
closet 3.1 (10)
closing 3.1 (1)
clothes 2.1 (1), 3.1 (1), 3.3 (1), 4.1 (9),
4.2 (3) clothing 3.3 (1)
41
coat
coats
coffee
cold
color
colors
come
coming company computer concert congratulations contact continents cook
cooking coral
cost costs costumes cotton couch coughed coughing countries country cream credit cross crossing crosswalk crutches cry
crying cup
cups
curly
cut cutting
da Vinci dad
dairy damaged dancing dangerous dark
date daughter
day days dead
2.1 (1), 3.1 (1)
3.1 (1)
3.1 (4), 4.1 (1), 4.4 (1)
1.3 (1), 3.1 (1), 4.1 (2), 4.2 (2) 1.3 (2), 3.3 (2)
1.3 (2), 4.2 (1)
3.1 (2), 3.2 (1), 3.3 (1), 4.1 (1) 4.3 (1), 4.4 (1)
2.5 (1)
2.2 (2), 2.3 (2), 3.3 (1), 3.4 (1) 2.4 (1), 3.4 (1)
2.1 (1)
4.2 (3)
2.3 (1)
2.4 (1)
3.2 (1)
2.3 (4)
1.1 (5), 1.5 (1)
1.1 (5), 1.5 (1), 4.2 (1)
1.2 (1)
4.2 (3)
1.4 (1)
4.3 (1)
4.3 (12)
1.1 (1)
1.2 (9), 4.2 (1)
4.4 (5)
4.1 (3)
1.2 (9)
3.4 (4)
3.4 (4)
4.3 (4), 4.5 (2)
4.2 (1)
2.1 (1), 3.3 (1), 3.4 (1)
3.1 (3), 4.4 (2)
4.4 (1)
4.2 (5)
4.4 (3)
2.2 (1), 4.4 (1)
2.2 (1)
3.2 (1)
4.4 (5)
3.2 (7), 3.5 (2)
4.2 (1)
2.3 (3)
2.3 (11), 3.5 (2)
2.2 (4), 4.1 (1), 4.2 (2)
1.2 (2), 1.3 (1), 3.3 (2), 4.1 (3), 4.2 (1), 4.3 (1)
2.2 (3), 2.4 (1), 4.3 (2)
4.3 (6)
2.3 (6)
degrees 2.3 (1), 4.3 (2) deliver 2.4 (2) delivered 2.4 (6) delivering 2.4 (4)
delivery 2.4 (6), 2.5 (1) deodorant 4.2 (4)
desert 2.3 (2)
design 2.2 (3) designed 2.2 (7) designing 2.2 (2)
designs 2.2 (3), 2.5 (1) desk 2.3 (1), 4.1 (1) dessert 1.4 (1), 4.4 (1) dictionary 3.1 (1)
did 1.2 (2), 1.4 (2), 1.5 (1), 2.1 (1), 2.2 (1), 2.4 (3), 2.5 (2), 3.1 (4), 3.2 (1), 3.3 (1), 3.4 (1), 3.5 (1),
4.3 (1), 4.5 (1)
didn’t 1.2 (1), 2.2 (1), 2.4 (2), 2.5 (1),
3.1 (3), 3.3 (1), 4.2 (1), 4.4 (1) different 3.1 (1), 3.5 (1), 4.2 (1), 4.5 (1) difficult 1.3 (1), 3.2 (1), 4.1 (1), 4.3 (1)
dinner 1.3 (1), 1.4 (1), 2.4 (1), 3.3 (2), 4.1 (1), 4.2 (3), 4.4 (5)
dirty 2.1 (1), 4.1 (1)
dishes 3.1 (1)
do 1.1 (1), 1.2 (5), 1.3 (1), 1.4 (1),
1.5 (3), 2.1 (4), 2.3 (2), 2.5 (3), 3.1 (1), 3.2 (1), 3.3 (6), 3.5 (2), 4.2 (1), 4.4 (2)
doctor 2.2 (1), 2.4 (1), 3.2 (1), 4.3 (2) doctors 2.2 (1)
does 1.1 (6), 1.4 (4), 1.5 (3), 3.5 (1) doesn’t 2.3 (1), 3.2 (4)
dog 1.2 (1), 1.3 (1), 3.1 (2), 3.3 (1), 4.1 (1)
dogs 1.3 (1), 4.3 (1)
doll 3.3 (4)
dollars 1.1 (4), 1.4 (1), 4.2 (1)
dolls 3.3 (1), 4.2 (1)
don’t 1.2 (6), 2.1 (1), 2.2 (1), 2.4 (1),
3.1 (1), 3.2 (4), 3.3 (4), 3.4 (1), 3.5 (1), 4.2 (2), 4.3 (4), 4.4 (2), 4.5 (1)
door 3.1 (5), 3.2 (3), 3.4 (3), 4.1 (1) doors 3.1 (1)
down 2.2 (2), 2.3 (1), 4.1 (1) downtown 2.4 (1)
draw 1.3 (3)
drawer 3.1 (6), 3.2 (1), 4.5 (1) drawers 3.1 (1), 4.1 (1)
drawing 1.3 (4), 2.1 (2), 3.1 (1)
42
drawn 1.3 (2)
dress 1.3 (1), 4.1 (3), 4.2 (6)
dresses 2.2 (1), 3.1 (1)
drew 2.1 (1)
drink 1.4 (3), 4.1 (1)
drinking 3.1 (1)
drive 1.3 (1), 3.3 (1)
drives 4.2 (1)
driving 2.5 (1), 3.3 (1), 3.4 (2)
drove 3.4 (1)
drunk 1.3 (2)
dry 4.1 (4), 4.3 (1)
Dry 4.1 (1)
dryer 4.1 (3)
ducks 1.4 (1)
during 4.1 (3)
dye 4.2 (1)
dyed 4.2 (3), 4.3 (1)
dying 4.2 (1)
e-mail 1.1 (2), 2.4 (1)
ear 4.3 (1)
earrings 4.2 (5), 4.5 (1)
eat 1.3 (6), 1.5 (1), 2.1 (1), 2.2 (2),
3.1 (1), 4.1 (1), 4.2 (1), 4.3 (1),
4.4 (4) eaten 4.3 (1)
eating 1.1 (1), 2.1 (1), 3.1 (1), 3.2 (1), 3.4 (1), 4.1 (4), 4.4 (3)
egg 3.3 (1)
eggs 4.1 (2), 4.4 (7)
eight 1.1 (1), 1.5 (1), 4.3 (1) eighteenth 1.3 (4)
either 4.1 (5), 4.4 (1)
elbow 1.3 (1), 3.1 (1) electrician 3.2 (7), 3.5 (1) electricity 3.2 (9), 3.5 (1)
elevator 2.2 (6), 3.4 (1) eleventh 2.2 (1)
Ellis 4.1 (1)
embarrassed 3.3 (4), 3.5 (1)
Emi 3.1 (1)
employee 2.2 (1)
employees 2.2 (1), 3.1 (1)
empty 2.4 (1)
engine 3.4 (4)
engineer 2.2 (3), 2.5 (2) engineers 2.2 (7)
English 2.1 (1), 3.5 (1), 4.5 (3) enough 2.1 (1)
enter 3.4 (2)
entering 3.4 (5)
envelope 2.4 (3), 4.1 (1)
escalator 2.2 (3), 3.4 (1)
escalators 2.2 (1), 2.5 (3)
Europe 4.1 (1), 4.4 (1)
euros 1.1 (2), 1.5 (1)
evening 1.4 (2), 2.2 (1), 4.1 (1), 4.2 (1) every 2.2 (9)
everyone 2.1 (1), 4.4 (1)
excuse 1.2 (1), 1.4 (2), 2.2 (1), 3.4 (3) exit 3.4 (2)
exiting 3.4 (6)
expensive 1.1 (2), 1.3 (1), 3.5 (1), 4.2 (1) explore 2.3 (3)
exploring 2.3 (6)
eye 4.3 (2)
face 1.3 (1), 4.2 (1), 4.3 (2)
falls 3.1 (1)
family 1.1 (1), 1.2 (2), 1.3 (1), 2.4 (1),
3.1 (3), 3.2 (1), 3.3 (1), 3.4 (2) famous 1.1 (2), 1.5 (1), 2.1 (1)
far 1.2 (6), 1.5 (2)
faster 2.2 (1)
father 1.3 (2), 2.1 (1), 2.4 (3), 3.1 (2),
3.3 (1), 4.1 (1), 4.4 (1) faucet 3.2 (6), 3.5 (2)
favorite 1.3 (22), 1.4 (1), 1.5 (4), 2.1 (2), 3.1 (1), 3.3 (1), 4.4 (2)
Feldmann 2.2 (2)
fell 3.3 (1), 4.3 (1), 4.5 (1) fence 2.4 (2)
festival 1.2 (6)
Festival 2.5 (1)
fever 4.3 (11)
fields 2.2 (2)
fifteen 1.1 (2), 1.2 (1), 1.4 (1) fifteenth 1.3 (4), 1.5 (2), 3.2 (1) fifth 2.2 (2)
fifty 4.4 (1)
fighting 3.3 (8)
finally 2.4 (1)
find 1.3 (1), 3.3 (1), 3.5 (2), 4.4 (1)
fine 3.3 (1), 3.4 (1)
fingers 4.2 (1)
finish 3.4 (1), 4.5 (1)
finished 1.3 (1), 3.2 (1), 4.1 (1), 4.2 (1),
4.4 (1) fire 3.4 (1)
fireplace 3.1 (4), 3.5 (1), 4.2 (1)
first 1.1 (1), 1.3 (1), 2.1 (1), 2.2 (6), 2.4 (7), 2.5 (2), 3.2 (1), 4.2 (4),
4.4 (2)
fish 2.1 (1), 3.4 (1), 4.1 (1), 4.4 (3)
fishing 1.2 (8), 1.3 (1), 2.1 (2), 2.3 (5)
43
five 1.3 (3), 2.1 (1), 3.3 (1), 4.2 (2) flags 3.1 (1)
flashlight 2.3 (10)
flashlights 2.3 (2)
flat 3.4 (5), 3.5 (1)
floor 2.2 (15), 3.1 (1), 3.2 (3), 3.3 (3),
3.4 (1) flour 4.4 (1) flower 2.1 (1)
flowers 1.3 (2), 2.4 (1), 3.1 (1), 3.3 (5), 4.3 (1) fold 4.1 (1), 4.2 (2)
folded 4.1 (1)
folding 4.1 (6)
follow 1.4 (7), 3.4 (1)
following 1.4 (3)
food 1.3 (1), 1.4 (1), 3.2 (1), 4.4 (2) foot 1.3 (1)
for 1.1 (1), 1.2 (5), 1.3 (5), 1.4 (17),
1.5 (2), 2.1 (4), 2.2 (23), 2.3 (5), 2.4 (13), 2.5 (3), 3.1 (5), 3.2 (1), 3.3 (5), 3.4 (1), 3.5 (4), 4.1 (7), 4.2 (7), 4.3 (13), 4.4 (11), 4.5 (3)
forest 1.1 (1), 2.3 (1)
forget 3.2 (1)
forgot 2.1 (1), 2.2 (1), 3.1 (1), 3.3 (2),
4.1 (1) forks 4.2 (1) forty 1.1 (1)
found 2.3 (1), 3.3 (2), 4.1 (3)
four 1.4 (3), 2.3 (1), 3.5 (2), 4.3 (2) fourteenth 1.3 (1), 2.2 (1)
fourth 2.2 (2)
France 3.1 (1), 4.1 (1)
French 1.4 (1), 4.3 (1)
fresh 4.4 (2)
Friday 1.2 (1), 4.1 (1)
fried 4.4 (5)
friend 1.1 (1), 2.4 (5), 3.1 (2), 3.3 (2),
3.5 (1), 4.1 (2), 4.2 (1), 4.4 (1) friends 1.2 (1), 2.2 (1), 3.1 (1), 3.3 (3),
4.3 (1)
from 1.1 (7), 1.2 (6), 2.1 (1), 2.2 (1),
2.3 (1), 2.4 (12), 3.1 (4), 3.2 (2),
4.2 (1), 4.3 (1), 4.4 (1) front 3.3 (1)
frozen 1.2 (1)
fruit 3.3 (1), 4.1 (1)
frying 4.4 (9)
full 2.4 (1), 3.1 (1), 3.4 (1), 4.1 (1),
4.4 (1)
fun 1.2 (12), 1.5 (2), 2.5 (1), 3.1 (1),
4.3 (1)
game 2.1 (5), 2.4 (2), 3.3 (4), 4.1 (2), 4.2 (1)
games 4.3 (1)
garden 4.1 (1)
gardens 1.5 (3), 2.2 (1)
garlic 1.4 (3)
gave 1.3 (1), 2.4 (1), 3.2 (1), 3.3 (1),
4.2 (1), 4.3 (1) George 2.4 (1)
Germany 1.1 (2), 4.3 (1)
get 1.1 (5), 1.2 (3), 1.5 (1), 2.1 (3),
2.4 (2), 2.5 (1), 3.3 (1), 4.3 (4),
4.5 (1)
gift 1.3 (5), 3.3 (1)
girl 1.2 (3), 2.1 (1), 2.4 (3), 3.1 (1), 3.3 (1), 3.4 (1), 4.2 (2), 4.4 (3)
girlfriend 2.2 (1), 3.3 (1), 4.1 (1) girls 3.3 (1), 4.2 (1)
give 1.4 (1), 3.1 (1), 3.3 (1) given 4.3 (1)
gives 4.3 (1)
giving 2.4 (1)
glass 1.4 (2), 3.2 (1)
glasses 1.4 (1), 4.2 (1)
glove 4.1 (1)
gloves 4.1 (5), 4.2 (2)
go 1.1 (13), 1.2 (10), 1.3 (3), 1.4 (11),
1.5 (1), 2.2 (5), 2.4 (1), 2.5 (1), 3.1 (3), 3.2 (3), 3.3 (1), 3.4 (4), 3.5 (1), 4.1 (2), 4.2 (4), 4.3 (2)
goes 2.2 (1), 4.1 (1)
going 1.1 (2), 1.2 (2), 1.3 (11), 1.5 (2),
2.1 (3), 2.2 (2), 2.3 (3), 2.4 (3), 3.1 (5), 3.2 (4), 3.3 (1), 3.4 (1), 4.1 (2), 4.2 (3), 4.3 (4), 4.4 (4), 4.5 (2)
gold 4.2 (3)
golf 1.3 (2), 2.1 (2), 2.3 (1)
good 1.4 (7), 1.5 (4), 2.1 (4), 2.5 (1),
3.1 (2), 3.5 (1), 4.1 (2), 4.2 (3),
4.4 (1), 4.5 (2) goodbye 4.5 (2)
got 2.1 (1)
grandfather 2.3 (1), 3.1 (1), 3.3 (1), 4.2 (1) grandmother 2.4 (2), 3.2 (1), 4.1 (1) grandpa 3.1 (1)
gray 4.1 (3), 4.2 (2)
green 1.2 (1), 1.3 (1), 3.3 (1), 3.4 (2) grill 4.4 (1)
grilled 4.4 (8)
grilling 4.4 (2)
grocery 2.2 (2), 2.4 (2), 3.1 (2), 4.1 (1)
44
guest 2.1 (1)
guide 1.1 (8), 1.4 (1), 1.5 (2) guidebook 1.1 (4), 1.5 (2), 2.2 (1), 4.2 (1) guitar 2.1 (1), 3.3 (1)
guitars 1.3 (1)
Gunther 2.5 (2)
had 1.2 (1), 1.5 (1), 2.1 (5), 2.5 (1),
3.1 (2), 3.2 (1), 3.3 (1), 3.5 (1),
4.3 (3), 4.4 (8)
hair 2.2 (1), 4.2 (21), 4.3 (1)
half 1.2 (2), 3.3 (1), 4.2 (1) hallway 2.2 (4)
hand 1.3 (1), 4.3 (1)
hands 2.1 (1), 2.2 (1), 4.1 (2) hang 3.1 (4)
hanging 3.1 (12)
hangs 3.1 (1)
happen 4.3 (1)
happened 1.1 (1), 2.3 (1), 3.3 (1), 3.4 (1),
4.3 (1)
happy 2.1 (1), 4.2 (4)
has 1.3 (4), 2.2 (7), 2.3 (3), 2.4 (1), 2.5 (1), 3.2 (5), 3.4 (3), 4.2 (10),
4.3 (7)
hat 4.2 (1)
have 1.1 (5), 1.2 (3), 1.4 (1), 1.5 (3), 2.1 (8), 2.2 (3), 2.3 (2), 2.4 (2), 2.5 (6), 3.1 (1), 3.2 (5), 3.3 (1),
3.4 (9), 3.5 (4), 4.1 (4), 4.2 (10),
4.3 (25), 4.4 (8), 4.5 (2) haven’t 2.3 (1), 3.2 (1), 4.3 (2) having 1.2 (8), 4.1 (1), 4.2 (1)
he 1.2 (1), 1.3 (5), 1.4 (2), 2.1 (5), 2.2 (3), 2.3 (3), 2.4 (8), 3.1 (10), 3.2 (5), 3.3 (3), 3.4 (1), 4.1 (15),
4.2 (8), 4.3 (5), 4.4 (1) he’ll 2.4 (1), 3.1 (1), 4.1 (1)
he’s 1.2 (10), 1.3 (8), 1.4 (1), 2.1 (4), 2.2 (3), 2.3 (8), 2.4 (7), 3.1 (8),
3.2 (6), 3.3 (8), 3.4 (5), 4.1 (17),
4.2 (6), 4.3 (8), 4.4 (9), 4.5 (1) head 2.3 (1), 4.3 (1)
headphones 3.3 (7)
heal 4.3 (2)
healed 4.3 (1)
healing 4.3 (2)
heals 4.3 (1), 4.5 (1) hear 2.1 (11)
hears 2.1 (1)
hello 1.1 (1), 2.4 (3), 2.5 (4), 3.2 (1),
3.5 (1), 4.1 (2), 4.5 (2) helmet 3.3 (3)
helmets 3.3 (1)
help 3.2 (1), 3.5 (1), 4.2 (4), 4.4 (1),
4.5 (1) helping 3.3 (1) Henry 2.2 (1)
her 1.2 (2), 1.3 (7), 2.2 (7), 2.3 (4), 2.4 (9), 2.5 (5), 3.1 (11), 3.3 (10), 3.4 (1), 4.1 (18), 4.2 (11), 4.3 (4),
4.4 (1)
here 1.1 (6), 1.2 (5), 1.3 (1), 1.4 (12),
2.1 (1), 2.2 (1), 2.4 (5), 3.1 (3),
3.5 (1), 4.3 (1), 4.4 (5), 4.5 (1) here’s 1.4 (2), 1.5 (1), 2.4 (1), 4.1 (1)
hi 3.1 (1)
hiking 1.2 (10), 1.3 (1), 2.3 (3), 4.1 (1),
4.3 (2)
him 3.1 (1), 3.3 (2), 4.1 (2)
Hiro 2.1 (2)
his 1.2 (2), 1.3 (8), 2.1 (4), 2.2 (8),
2.3 (6), 2.4 (4), 3.1 (10), 3.2 (3), 3.3 (8), 3.4 (2), 4.1 (20), 4.2 (19), 4.3 (7), 4.4 (4)
history 1.1 (1), 2.1 (1)
hobbies 2.1 (2)
hobby 2.1 (5), 2.5 (2)
hockey 2.1 (8), 4.1 (1), 4.3 (2) holding 3.3 (1), 4.1 (1)
home 2.2 (1), 2.4 (2), 3.2 (4), 4.1 (1), 4.3 (1)
hood 3.4 (3)
hope 1.4 (1), 4.2 (1), 4.5 (1)
horse 1.2 (1), 1.3 (3), 2.1 (1)
horses 1.3 (1)
hospital 2.1 (1), 2.2 (1), 3.1 (1), 3.4 (2),
4.3 (1)
hot 4.2 (2), 4.3 (1), 4.4 (1)
hotel 2.2 (1), 3.4 (1)
hour 2.4 (1), 2.5 (1), 4.3 (1)
hours 1.1 (8), 1.5 (2), 2.4 (1), 4.3 (1),
4.4 (1)
house 1.4 (1), 2.1 (2), 2.2 (1), 2.3 (1),
2.4 (4), 3.1 (5), 3.2 (4), 3.3 (2),
3.4 (1), 4.4 (1) houses 2.2 (1), 3.1 (1)
how 1.1 (5), 1.2 (9), 1.4 (10), 1.5 (5), 2.1 (2), 3.2 (3), 3.5 (1), 4.1 (2),
4.3 (5), 4.5 (1) hundred 4.2 (1), 4.3 (1) hung 3.1 (4), 4.1 (2)
hungry 3.3 (1)
hurt 2.1 (1), 3.1 (1), 3.3 (1), 4.1 (1),
4.3 (1)
45
hurts 4.3 (1)
husband 1.3 (1), 3.1 (1), 3.3 (2), 4.1 (1),
4.3 (1)
I 1.1 (3), 1.2 (15), 1.3 (20), 1.4 (19),
1.5 (7), 2.1 (25), 2.2 (13), 2.3 (6), 2.4 (16), 2.5 (12), 3.1 (20), 3.2 (17), 3.3 (26), 3.4 (7), 3.5 (11), 4.1 (18),
2.4 (24), 2.5 (10), 3.1 (18), 3.2 (30), 3.3 (13), 3.4 (23), 3.5 (9), 4.1 (9), 4.2 (24), 4.3 (17), 4.4 (21), 4.5 (4)
isn’t 1.2 (1), 2.2 (1), 3.1 (1), 3.4 (1), 4.3 (3)
it 1.1 (10), 1.2 (6), 1.3 (10), 1.4 (8), 1.5 (9), 2.1 (8), 2.2 (3), 2.3 (4),
2.4 (4), 2.5 (5), 3.2 (10), 3.3 (9), 3.4 (4), 3.5 (2), 4.1 (5), 4.2 (2), 4.3 (9), 4.4 (8), 4.5 (4)
it’ll 4.1 (1)
it’s 1.1 (3), 1.2 (14), 1.3 (2), 1.4 (1),
1.5 (2), 2.1 (3), 2.2 (1), 2.3 (15), 2.5 (1), 3.1 (5), 3.2 (1), 3.4 (3), 3.5 (1), 4.1 (4), 4.2 (7), 4.3 (4), 4.4 (2)
Italian 1.3 (1), 4.2 (1), 4.5 (1)
Italy 1.1 (2), 2.5 (1), 4.2 (3), 4.5 (1) itchy 4.3 (4)
its 1.5 (1)
Jack 4.2 (1)
jacket 4.1 (13), 4.2 (7), 4.5 (1)
jackets 4.1 (1), 4.2 (2)
James 1.3 (1), 2.2 (1)
January 2.2 (1)
Japan 1.1 (1)
Japanese 2.1 (1), 2.2 (1)
Jeff 2.2 (1)
jewelry 4.2 (1)
Jill 4.2 (2)
job 2.1 (5), 2.4 (1), 3.1 (1)
John 2.4 (2)
juice 4.4 (1)
Julia 2.2 (1)
jump 2.4 (1)
jumped 2.4 (1)
jumping 2.1 (1)
June 2.2 (1), 3.2 (1)
just 3.3 (15), 3.5 (2), 4.1 (1), 4.4 (1),
4.5 (1)
key 3.2 (3), 3.3 (1), 3.5 (2)
keys 3.3 (1)
kilometers 1.1 (2), 1.2 (1)
kings 1.5 (1)
Kingston 2.1 (1)
kissed 3.1 (1), 3.3 (1)
kitchen 2.2 (1), 2.3 (1), 3.2 (1) kite 3.3 (2), 4.3 (1)
kites 3.3 (1)
knee 2.1 (1), 4.1 (1)
knife 4.4 (2)
knives 4.2 (1), 4.4 (1)
4.2 (15), 4.3 (31), 4.4 (15), 4.5 I’ll 1.3 (2), 2.1 (1), 2.3 (1), 2.4 (1), 2.5 (1), 3.1 (1), 3.2 (3), 3.4 (1), 3.5 (1), 4.1 (1), 4.2 (6), 4.3 (1),
4.4 (3), 4.5 (1)
I’m 1.1 (5), 1.2 (5), 1.3 (8), 1.5 (2),
(10)
2.1 (6), 2.2 (3), 2.3 (1), 2.4 (4), 2.5 (5), 3.1 (2), 3.2 (9), 3.3 (12), 3.4 (10), 3.5 (5), 4.1 (4), 4.2 (4), 4.3 (27), 4.4 (9), 4.5 (2)
i’ve 2.1 (1), 2.3 (1), 3.2 (1), 4.2 (3), 4.3 (4), 4.4 (2), 4.5 (1)
I’ve 2.3 (2), 4.3 (2)
ice 1.2 (6), 1.3 (1), 2.1 (1), 2.2 (2),
4.4 (5)
idea 2.1 (18), 2.2 (7), 2.3 (1), 2.4 (3),
2.5 (2), 4.1 (2), 4.2 (1), 4.5 (1) ideas 2.1 (3), 2.5 (1)
if 2.1 (4), 2.4 (1), 3.3 (2), 3.4 (3), 4.3 (3), 4.4 (2)
important 2.2 (1)
in 1.1 (17), 1.2 (17), 1.3 (15), 1.5 (6),
2.1 (12), 2.2 (6), 2.3 (21), 2.4 (9), 2.5 (3), 3.1 (12), 3.2 (9), 3.3 (3), 3.4 (5), 3.5 (1), 4.1 (14), 4.2 (14), 4.3 (6), 4.4 (19), 4.5 (2)
incorrectly 3.4 (1), 4.2 (1) India 1.1 (2), 4.2 (2) Indian 4.5 (1) inexpensive 2.2 (1)
insect 4.3 (1)
insects 2.3 (1)
inside 2.3 (1), 3.2 (1)
instead 1.3 (12), 2.2 (1), 3.3 (1), 3.4 (1),
4.4 (1) instrument 1.3 (4)
interesting 1.5 (1), 3.2 (1)
intersection 3.4 (8)
into 1.3 (2), 2.4 (1), 3.1 (5), 4.4 (6)
iron 4.1 (1)
ironed 4.1 (2)
ironing 4.1 (3)
irons 4.1 (1)
is 1.1 (14), 1.2 (24), 1.3 (18), 1.4 (2),
1.5 (1), 2.1 (25), 2.2 (21), 2.3 (21),
46
know 1.2 (1), 2.2 (1), 2.4 (1), 3.2 (2), 3.3 (1), 4.3 (1), 4.4 (2), 4.5 (1)
knows 2.1 (1)
label 4.1 (3), 4.2 (4)
ladder 2.1 (1)
lake 1.2 (5), 2.3 (1), 4.1 (1)
lamb 1.4 (7), 1.5 (2)
lamp 2.3 (4), 3.2 (1)
laptop 2.2 (1), 2.3 (1), 3.4 (1)
last 2.1 (1), 2.4 (7), 2.5 (3), 3.1 (5),
3.3 (1), 4.1 (1), 4.2 (1), 4.4 (1) late 3.5 (1), 4.2 (1)
laugh 3.1 (1), 4.2 (1) laundromat 4.1 (4)
leak 3.5 (1)
leaking 3.2 (6), 3.4 (3) leaks 3.5 (1)
learn 2.1 (1)
leather 4.2 (4)
leave 2.2 (3), 2.3 (1)
leaves 2.4 (2)
leaving 2.2 (1), 2.4 (7)
left 1.2 (2), 2.2 (2), 2.4 (2), 3.3 (1),
3.4 (1), 4.1 (2) leg 4.3 (6), 4.5 (1)
lemon 1.4 (1)
lens 4.2 (1)
lenses 4.2 (2)
Leonardo 2.2 (1)
less 1.2 (1)
let’s 1.1 (6), 1.2 (2), 1.3 (1), 1.4 (1),
2.1 (2), 2.2 (2), 2.3 (1), 3.2 (1),
3.4 (1), 4.2 (7), 4.4 (1) letter 1.1 (1), 2.4 (7)
libraries 1.2 (1)
library 1.2 (1), 2.4 (1), 3.2 (1)
light 2.3 (8)
like 1.1 (1), 1.2 (3), 1.3 (6), 1.4 (31),
1.5 (11), 2.1 (2), 2.2 (5), 2.5 (2), 3.2 (4), 3.3 (3), 3.5 (6), 4.2 (3), 4.3 (2), 4.4 (4), 4.5 (2)
liked 1.4 (1), 3.1 (1)
likes 1.2 (1), 3.1 (1), 3.2 (1), 4.1 (1) listen 2.1 (1), 3.3 (1)
listening 1.3 (1), 2.1 (1), 3.4 (1)
live 3.1 (1), 3.2 (2), 3.5 (1)
lived 3.2 (1), 4.4 (2)
lives 3.1 (1)
living 1.4 (1), 2.3 (1)
lobby 2.2 (3), 3.4 (1), 3.5 (2)
lock 3.2 (3), 3.5 (2)
locked 3.2 (6), 3.5 (2)
locker 1.3 (3), 3.2 (3)
lockers 1.3 (3), 2.1 (1)
London 2.1 (1)
long 1.2 (1), 2.1 (1), 2.4 (1), 3.2 (2),
4.1 (1), 4.2 (5), 4.3 (2), 4.5 (1) look 2.5 (1), 3.3 (1), 3.4 (6), 3.5 (2),
4.2 (1), 4.5 (2) looked 3.5 (1)
looking 2.5 (1), 3.1 (1), 3.3 (1), 3.4 (4), 3.5 (1), 4.1 (1), 4.2 (1)
looks 1.3 (2), 3.3 (1), 4.5 (1)
lost 1.2 (1), 2.1 (1), 3.1 (1), 3.3 (6),
4.1 (1)
lot 1.1 (1), 2.3 (1), 2.5 (1), 3.2 (1),
3.4 (4), 4.3 (2) Lou 2.1 (1)
loud 1.2 (6), 1.5 (1), 2.1 (1), 3.1 (1) love 4.2 (1), 4.4 (1)
loves 3.3 (1)
lunch 1.5 (1), 2.2 (2), 4.1 (6) machine 4.1 (3)
made 2.2 (2), 2.5 (2), 3.3 (1), 4.2 (26), 4.4 (1), 4.5 (1)
magazine 1.1 (2), 2.3 (1) mail 2.4 (9)
mailbox 2.4 (5), 3.1 (1) mailboxes 2.5 (1)
make 2.1 (1), 2.2 (1), 4.2 (2), 4.4 (3), 4.5 (3)
makes 4.2 (7), 4.3 (1)
makeup 4.2 (8)
making 4.2 (4), 4.4 (1)
man 1.3 (1), 2.2 (2), 2.3 (1), 3.1 (1),
3.4 (1), 4.2 (1)
manager 2.2 (3), 2.4 (1), 3.1 (2), 3.3 (1) many 1.1 (3), 1.4 (5), 1.5 (1), 2.1 (1),
2.3 (1), 3.3 (1), 4.2 (2) map 1.3 (1), 4.1 (1)
marry 2.2 (1)
Mary 2.1 (1)
matter 3.1 (3), 3.3 (3), 4.3 (4)
May 3.2 (1)
me 1.2 (1), 1.3 (7), 1.4 (9), 2.1 (5),
2.2 (4), 2.3 (2), 2.4 (4), 3.1 (5), 3.2 (2), 3.3 (4), 3.4 (6), 4.1 (2), 4.2 (12), 4.3 (7), 4.4 (1)
mean 3.1 (7)
measuring 3.2 (1)
meat 4.4 (15)
mechanic 3.4 (5), 3.5 (2)
medicine 2.1 (2), 2.2 (2), 4.3 (2), 4.4 (1)
meet 1.3 (1), 2.2 (6), 3.1 (2), 3.4 (1), 3.5 (1)
47
meeting 2.2 (2), 3.3 (1)
men 1.2 (2), 2.2 (1), 4.2 (1)
menu 1.4 (5)
menus 1.4 (1)
message 2.2 (7)
Mexico 1.2 (1), 3.2 (2), 4.1 (1), 4.2 (1) mile 1.2 (5)
miles 1.2 (5), 3.3 (1)
milk 1.3 (2), 4.4 (6)
mine 2.3 (1), 3.1 (1)
minutes 1.1 (1), 2.4 (1), 2.5 (1), 3.3 (1),
4.4 (1) miss 3.1 (5) misses 3.1 (3) Monday 1.2 (1) money 4.1 (1)
month 3.1 (2), 3.2 (1), 3.3 (1), 4.5 (1) months 2.2 (1), 4.3 (1)
moon 1.1 (1), 3.4 (2)
mop 3.2 (3)
more 1.1 (2), 1.3 (1), 4.2 (1), 4.4 (1) morning 1.1 (1), 1.2 (2), 1.5 (4), 2.2 (1), 2.4 (1), 3.1 (1), 3.2 (1), 3.3 (1),
4.1 (1), 4.2 (1), 4.3 (6) mosque 1.1 (1)
most 1.5 (2), 4.1 (1)
mother 1.2 (2), 1.3 (2), 1.4 (1), 2.2 (2),
3.1 (5), 3.2 (1), 3.3 (1), 4.1 (1),
4.2 (2), 4.4 (1) motorboat 1.2 (1)
motorboats 1.2 (1)
motorcycle 1.2 (1), 1.3 (1), 2.2 (2) motorcycles 1.2 (2)
mountain 3.3 (5)
mountains 1.2 (3), 3.4 (1), 4.4 (1)
move 3.1 (4)
moved 3.1 (4), 3.2 (1), 3.5 (1), 4.4 (2),
4.5 (1)
movie 1.2 (1), 1.3 (2), 2.3 (1), 3.1 (2),
3.2 (1), 4.1 (2), 4.2 (3), 4.4 (1) moving 3.1 (3), 3.5 (1)
Mr. 2.2 (2), 2.4 (3), 4.1 (2), 4.5 (1) Mrs. 2.2 (2), 4.5 (1)
Ms. 2.2 (3), 2.4 (2)
much 1.1 (5), 1.4 (1), 1.5 (1), 4.1 (1) museum 1.1 (9), 1.3 (6), 3.4 (1) museums 2.1 (1)
mushrooms 1.4 (6), 1.5 (1), 2.1 (1)
music 1.3 (1), 2.1 (1), 3.2 (1), 3.3 (1),
3.4 (1) mustache 4.2 (3)
my 1.1 (3), 1.3 (17), 1.5 (3), 2.1 (14),
name
Naomi napkin napkins Naret nauseated near
necklace necklaces need
needs neighbor neighbors neither never new
New York news newspaper newspapers next
nice
night
nine nineteenth ninety
no
nor not
now
number nut nuts o’clock ocean
2.2 (12), 2.3 (8), 2.4 (12), 2.5 (8), 3.1 (15), 3.2 (6), 3.3 (14), 3.4 (6), 3.5 (2), 4.1 (10), 4.2 (25), 4.3 (16), 4.4 (5), 4.5 (4)
1.1 (1), 1.3 (1), 2.1 (1), 2.4 (14), 2.5 (6), 3.1 (2)
2.2 (1)
2.2 (1)
4.1 (1)
1.2 (2)
4.3 (4)
1.1 (1), 1.2 (1), 1.3 (1), 2.1 (1), 2.3 (3), 2.5 (1), 3.1 (2), 4.1 (1), 4.2 (1), 4.3 (1)
4.2 (4), 4.5 (1)
4.2 (1)
1.1 (1), 2.1 (1), 2.3 (2), 3.2 (4), 4.1 (1), 4.2 (2)
1.4 (1), 2.3 (1)
3.1 (6)
3.1 (3), 3.5 (4)
4.1 (4), 4.4 (7)
2.3 (1), 4.4 (4)
2.2 (2), 2.3 (1), 2.4 (1), 3.1 (9), 3.3 (3), 3.5 (2), 4.1 (1)
2.1 (1), 3.1 (1), 4.4 (2)
2.2 (1), 4.1 (1)
1.1 (1), 1.3 (1), 2.1 (1), 4.1 (1) 2.4 (1)
1.1 (2), 2.5 (1), 3.1 (2), 3.3 (1), 4.2 (3), 4.4 (2)
3.1 (9), 3.5 (2), 4.3 (1), 4.4 (1) 1.2 (1), 2.2 (1), 3.1 (2), 4.3 (1) 1.5 (1)
1.3 (1), 1.4 (1)
4.3 (1)
1.2 (3), 1.4 (1), 1.5 (1), 2.1 (3), 2.3 (1), 2.5 (1), 3.2 (4), 3.3 (2), 3.4 (7), 3.5 (2), 4.3 (1), 4.4 (2), 4.5 (3)
4.1 (4), 4.4 (7)
1.1 (3), 1.5 (2), 2.1 (4), 2.2 (1), 3.3 (1), 4.2 (1), 4.3 (3), 4.4 (2), 4.5 (2)
1.4 (2), 2.1 (4), 2.3 (2), 2.4 (1), 2.5 (1), 3.1 (2), 3.2 (1), 3.4 (5), 4.3 (5), 4.4 (3)
1.1 (1)
4.4 (1)
4.4 (3), 4.5 (1)
1.5 (1), 3.5 (1), 4.5 (2)
1.1 (1), 1.2 (3), 2.3 (1), 3.4 (1)
48
of
off office
Ogpin Street oil
okay
old on
once one
onions only open opened opening or
orange oranges order ordered other our
out outlet outside
oven over p.m. package packed paint painted painting
1.1 (9), 1.3 (17), 1.4 (8), 1.5 (5), 2.1 (1), 2.2 (3), 2.3 (6), 2.4 (1), 2.5 (13), 3.1 (5), 3.2 (1), 3.3 (4), 3.4 (1), 4.1 (3), 4.2 (18), 4.3 (2), 4.4 (4), 4.5 (1)
2.3 (8), 3.4 (1), 4.1 (6), 4.2 (1), 4.3 (2), 4.5 (1)
2.2 (7), 2.4 (7), 2.5 (1), 3.1 (1), 3.4 (3), 3.5 (1)
1.2 (1)
3.4 (5)
1.4 (1), 2.2 (1), 2.4 (1), 3.3 (1),
3.4 (1), 4.3 (1)
1.1 (2), 3.1 (2), 3.2 (1), 3.3 (2),
4.2 (1), 4.3 (1)
1.1 (8), 1.2 (9), 1.4 (1), 1.5 (1),
2.1 (1), 2.2 (17), 2.3 (11), 2.4 (1), 2.5 (1), 3.1 (8), 3.2 (6), 3.3 (4),
3.4 (9), 4.1 (13), 4.2 (13), 4.3 (5), 4.4 (2), 4.5 (2)
2.2 (1)
1.1 (2), 1.2 (4), 1.4 (1), 1.5 (1),
2.1 (1), 2.2 (1), 2.3 (1), 2.5 (2),
3.3 (4), 4.2 (1), 4.3 (2)
1.4 (5), 1.5 (1), 4.4 (1)
1.2 (2), 2.5 (1), 4.1 (2), 4.4 (1)
1.1 (2), 3.2 (1), 3.4 (2)
3.1 (5), 4.1 (1)
3.1 (1)
1.4 (6), 3.4 (1), 3.5 (1), 4.1 (5),
4.3 (2), 4.4 (1)
4.1 (1)
4.4 (1)
1.4 (19), 1.5 (2), 2.4 (2), 3.4 (1)
1.4 (2), 4.1 (1)
3.5 (1)
1.1 (2), 1.5 (1), 2.1 (2), 2.3 (2),
2.5 (1), 3.1 (4), 3.2 (1), 4.1 (3),
4.2 (1), 4.4 (1)
1.3 (2), 3.1 (1), 3.2 (2)
3.2 (6)
2.2 (2), 2.3 (5), 3.2 (1), 4.1 (1),
4.3 (1)
2.4 (1), 4.4 (2)
2.4 (4), 3.3 (8)
1.1 (4), 2.4 (1)
2.4 (21), 2.5 (1), 3.3 (1), 3.4 (1), 4.1 (2) 3.1 (1)
1.3 (4), 4.4 (2)
1.3 (3), 2.2 (3), 3.3 (1)
1.3 (15), 2.1 (4), 2.2 (2), 2.4 (2),
2.5 (3), 3.1 (4)
paintings 1.3 (2), 1.4 (1), 2.1 (2), 2.5 (6) palace 1.1 (9), 1.2 (2), 1.5 (6), 2.5 (1),
4.2 (1) pan 4.4 (7)
pants 3.3 (1), 4.1 (2), 4.2 (1) paper 2.4 (1), 4.1 (2)
parents 1.2 (1), 3.3 (1)
Paris 2.1 (1), 3.1 (2), 3.2 (1) park 1.3 (1)
parking 3.4 (4)
party 3.3 (1), 4.2 (1), 4.5 (4)
passed 3.4 (1)
passing 3.4 (3)
pasta 1.4 (5), 4.4 (3)
pay 3.2 (1)
paying 1.4 (1), 4.1 (1)
pen 4.1 (1)
people 1.2 (1), 1.3 (2), 1.4 (5), 1.5 (1),
2.1 (3), 2.2 (3), 3.4 (1) perfume 4.2 (3)
person 1.1 (1), 2.4 (1)
phone 1.1 (1), 1.2 (1), 2.3 (6)
phones 2.3 (1), 3.4 (1)
photo 1.1 (3), 1.3 (2), 2.2 (1), 2.3 (1),
2.4 (1), 2.5 (4), 3.1 (1), 3.4 (1),
4.1 (1) photographer 2.3 (6) photography 2.5 (1)
photos 1.3 (2), 2.3 (4), 2.5 (2), 4.1 (1), 4.2 (1)
piano 2.1 (2), 3.3 (1)
pianos 1.3 (1)
pick 2.4 (1), 3.3 (1), 4.1 (1)
picking 2.4 (4)
pie 2.2 (1)
pink 1.3 (1), 3.3 (1), 4.3 (1)
pipe 3.2 (5), 3.5 (3)
pipes 3.2 (4), 3.4 (1)
Pirelli 2.5 (2), 4.5 (2)
pizza 1.4 (4), 2.4 (2), 4.4 (2)
place 1.5 (2), 2.2 (1)
plant 4.3 (1)
plants 1.3 (1), 3.1 (1)
plate 1.4 (1)
plates 3.1 (1)
play 2.1 (9), 2.3 (1), 3.1 (2), 3.2 (2),
3.3 (4), 4.1 (1), 4.2 (1) played 3.1 (1), 4.1 (1)
player 2.1 (7)
players 2.1 (3), 2.2 (1)
playing 1.2 (1), 1.3 (2), 2.1 (9), 3.1 (2),
3.2 (1), 3.3 (4), 4.1 (1), 4.2 (2), 4.3 (4)
49
please
plumber pocket pockets police officer pool
pork
post postal postcard postcards poster
pot potatoes pour pouring practice practicing prefer Prescott present presenting probably problem problems produce purple purse purses
put
puts putting
puzzle question questions quiet race radio
rain raining ran rash read
reading reads
1.1 (3), 1.3 (1), 1.4 (20), 1.5 (4), 2.2 (2), 2.3 (3), 2.4 (6), 2.5 (1), 3.1 (5), 3.4 (6), 4.1 (2), 4.2 (2), 4.3 (1), 4.4 (2)
3.2 (7), 3.5 (3) 4.1 (5), 4.5 (1) 4.1 (1)
2.1 (1), 3.2 (1) 1.4 (1)
1.4 (7), 4.4 (2) 2.4 (6)
2.4 (14), 2.5 (2) 1.3 (3), 2.4 (3) 1.3 (5)
1.3 (8)
4.4 (4)
4.4 (1)
4.4 (3)
4.4 (6)
3.5 (1)
4.3 (1)
3.3 (10)
2.1 (1)
2.2 (2)
2.2 (7)
2.1 (2), 2.5 (2), 3.5 (1), 4.3 (1) 3.4 (12), 3.5 (3)
3.4 (1)
4.4 (5)
3.2 (1), 4.1 (1)
4.1 (3), 4.2 (1)
4.1 (1), 4.2 (1)
1.3 (1), 2.3 (1), 2.4 (1), 3.1 (5), 4.1 (1), 4.2 (7), 4.4 (1)
4.1 (1), 4.2 (1)
1.3 (1), 2.3 (1), 2.4 (2), 4.1 (9), 4.2 (3)
3.3 (4)
3.4 (1)
1.1 (1), 1.4 (1)
1.2 (13), 3.2 (1), 3.4 (1)
2.1 (5), 4.4 (1)
2.1 (3), 2.3 (1)
1.1 (2), 2.3 (1), 3.2 (1), 4.2 (2) 1.3 (1), 2.1 (1), 4.1 (1)
4.1 (1)
4.3 (7)
1.2 (1), 1.3 (1), 1.4 (1), 3.3 (1), 4.1 (1)
2.4 (1), 3.1 (1), 3.2 (1), 3.3 (1), 4.1 (3), 4.2 (1)
1.3 (1)
ready 1.4 (5), 2.1 (1), 3.5 (2), 4.2 (1) really 1.3 (1), 4.1 (1)
Rebecca 3.1 (1)
receive 2.4 (1), 2.5 (2)
received 2.4 (8), 3.3 (1), 3.4 (1), 4.2 (1) receptionist 2.2 (2), 2.4 (1), 2.5 (1), 3.5 (1) receptionists 2.2 (1)
red 1.3 (1), 2.1 (1), 3.3 (2), 3.4 (1),
4.2 (2), 4.3 (1) reef 2.3 (4)
refrigerator 2.3 (1), 3.1 (1) remember 2.4 (1) remembered 3.1 (1), 3.3 (2) rent 3.5 (2)
repair 3.2 (2), 3.3 (4), 3.4 (1), 4.1 (2) repaired 3.2 (1), 4.1 (1)
repairing 3.2 (4), 3.4 (1), 4.1 (1)
repeat 1.5 (1)
replace 3.4 (3), 3.5 (3) replaced 3.2 (6), 3.3 (1) replacing 3.2 (2), 3.4 (1) restaurant 1.5 (1), 2.2 (1), 4.2 (1) restroom 2.2 (3), 3.4 (2)
return 2.4 (9), 2.5 (2), 3.2 (1) returned 2.4 (1), 3.2 (1) returning 2.4 (1)
returns 2.4 (1), 3.2 (1) reynolds 2.4 (1)
Reynolds 2.4 (1)
rice 1.4 (1), 2.1 (1), 4.4 (1) Richards 2.4 (3)
Richardson 2.4 (3)
ride 1.3 (1), 2.1 (1)
riding 1.2 (4), 3.3 (2)
right 1.2 (2), 3.2 (1), 3.4 (8), 3.5 (1),
4.1 (3), 4.4 (1) ring 4.2 (4)
rings 4.2 (1)
river 2.3 (5), 3.4 (1)
rode 3.2 (1)
Rome 2.1 (1)
roof 3.2 (4)
roofs 3.2 (1)
room 1.4 (1), 2.3 (1)
rope 2.3 (4)
ropes 2.3 (2)
Rose 3.1 (1)
rowboat 1.2 (3), 1.3 (2)
rowboats 1.2 (1)
ruins 1.1 (10), 1.2 (2), 1.3 (1), 1.5 (2) ruler 2.3 (1)
run 2.1 (1), 4.3 (2), 4.4 (1)
50
running 3.3 (2), 3.4 (1), 4.1 (1), 4.2 (1) runs 4.1 (1)
Russia 1.1 (1), 4.2 (1)
Russian 1.1 (1)
sad 4.2 (2)
said 3.4 (1), 3.5 (1)
sailboat 1.2 (2)
sailed 3.2 (1)
salad 1.4 (2), 4.2 (2), 4.4 (3)
salt 4.4 (1)
same 3.1 (1), 4.2 (1)
sandwich 3.1 (2), 3.3 (1)
sandwiches 1.4 (1)
Sara 2.4 (2)
sat 4.1 (1)
Saturday 4.1 (1)
Saturdays 2.1 (1)
sauce 1.4 (10), 4.4 (3)
saw 1.5 (3)
say 2.2 (2), 3.4 (1), 4.1 (1)
says 1.1 (12), 4.1 (1), 4.2 (5), 4.3 (1) scarf 4.1 (4), 4.2 (1)
school 2.1 (1), 2.4 (2), 3.1 (4), 3.2 (4),
4.3 (2) science 2.3 (1)
scientist 2.3 (5), 2.5 (2) scientists 2.3 (2) screwdriver 1.1 (1) screwdrivers 3.1 (2) sculpture 1.3 (9), 2.5 (2) sculptures 1.3 (1)
seafood 1.4 (7), 1.5 (2), 4.3 (3), 4.4 (5) seat 3.1 (1)
seated 1.4 (5), 1.5 (1)
second 2.2 (3), 3.4 (2)
section 4.4 (13)
see 1.2 (1), 1.3 (2), 2.1 (1), 2.3 (1),
2.4 (1), 3.3 (1), 4.4 (1), 4.5 (1) seen 2.3 (1), 4.4 (2)
sees 2.1 (1)
sell 4.4 (1)
sells 4.2 (1)
send 2.4 (2), 2.5 (3), 3.3 (1) sending 2.4 (4)
sent 2.4 (1)
seven 4.3 (3) seventeen 1.1 (2) seventeenth 1.3 (2)
seventy 4.2 (1)
sew 4.1 (2), 4.5 (2) sewed 4.1 (1)
sewing 4.1 (4)
sews 4.1 (1)
share 3.3 (2), 4.4 (1)
sharing 3.3 (7)
shave 4.2 (3), 4.5 (1)
shaved 4.2 (1), 4.5 (1)
shaving 4.2 (1), 4.5 (1)
she 1.1 (1), 1.3 (3), 1.4 (3), 2.1 (3),
2.2 (6), 2.3 (2), 2.4 (3), 2.5 (1), 3.1 (5), 3.2 (2), 3.3 (5), 3.4 (1), 3.5 (2), 4.1 (10), 4.2 (3), 4.3 (8)
she’ll 2.4 (1), 2.5 (1), 3.3 (1), 3.5 (1) she’s 1.1 (2), 1.2 (5), 1.3 (12), 2.1 (5),
2.2 (4), 2.3 (4), 2.4 (8), 3.1 (7), 3.2 (2), 3.3 (8), 3.4 (3), 3.5 (1), 4.1 (18), 4.2 (10), 4.3 (9), 4.4 (2), 4.5 (1)
sheet 4.2 (2)
sheets 4.1 (1), 4.2 (1)
shirt 1.3 (2), 3.1 (2), 3.3 (2), 4.1 (12),
4.2 (9) shoe 4.1 (1)
shoes 2.2 (2), 3.2 (2), 4.1 (2), 4.2 (1) shop 1.3 (5)
short 4.2 (6)
should 1.1 (1), 1.4 (1), 1.5 (1), 2.5 (4),
3.2 (1), 3.3 (2), 4.1 (2), 4.3 (1),
4.5 (2) shouldn’t 1.3 (1), 4.1 (1)
show 1.3 (4), 1.5 (2), 3.5 (2), 4.4 (1) showing 1.3 (4), 4.3 (1)
sick 2.1 (2), 3.1 (1), 3.2 (2), 3.3 (1),
4.3 (13), 4.5 (2) sidewalk 3.4 (3)
sign 1.1 (1), 1.2 (1), 2.4 (7), 2.5 (1) signed 2.4 (1)
signing 2.4 (3)
signs 3.3 (1)
silk 4.2 (3), 4.5 (1)
Silom 1.2 (1)
silver 4.2 (3)
since 2.1 (1), 3.2 (2), 4.3 (3), 4.5 (1) singer 1.3 (1)
sink 3.2 (2), 3.5 (2), 4.4 (1)
sister 1.1 (1), 1.3 (1), 2.4 (1), 3.1 (1),
3.3 (1), 4.4 (2)
sisters 3.3 (1), 4.1 (1), 4.2 (1)
sit 3.2 (1)
sits 1.3 (1)
sitting 3.2 (1), 3.3 (1)
six 1.5 (1), 2.2 (2), 2.4 (1), 4.3 (2),
4.5 (2) sixteen 1.1 (2)
51
sixteenth skateboard skates skating skiing sledding sleep sleeping sleeps slept
small smelling smells smile smiled Smith sneeze sneezed sneezes sneezing snorkeling snow snowing so
soccer sock socks soda sold some someone
something
sometimes son
sons soon sorry
soup
South America Spain
speak
spices
spicy
spoon
spoons stadium
stairs
1.5 (1)
3.3 (10), 3.4 (1), 4.5 (1)
2.2 (1)
1.2 (6), 1.3 (1), 2.1 (1), 2.2 (1) 1.2 (9), 4.2 (1)
1.2 (10)
2.2 (1), 3.1 (1), 4.3 (3)
1.2 (1), 2.2 (1), 4.1 (1), 4.3 (1) 1.3 (1)
1.2 (1), 3.3 (1)
2.5 (1), 3.2 (2), 4.2 (1)
2.1 (2)
4.2 (1)
2.3 (1), 4.2 (1)
3.1 (1)
2.4 (2)
4.3 (4)
4.3 (1)
4.3 (1)
4.3 (7)
1.2 (6), 1.3 (1), 2.3 (1)
3.4 (1)
1.2 (1)
1.3 (7), 3.1 (1), 3.2 (1), 3.3 (3), 3.5 (1), 4.1 (1), 4.3 (1)
2.1 (3), 4.1 (1)
4.1 (1)
3.1 (1), 4.1 (2)
1.4 (5)
4.4 (1)
3.3 (1), 4.1 (1), 4.4 (1), 4.5 (1) 1.3 (2), 2.2 (1), 3.1 (3), 3.2 (3), 4.1 (1), 4.4 (4)
1.3 (2), 1.4 (1), 2.1 (5), 2.4 (2), 2.5 (1), 3.1 (1), 4.4 (2)
1.2 (4), 2.1 (2), 3.1 (1)
1.2 (1), 3.3 (1), 4.2 (1), 4.3 (3), 4.4 (2)
1.2 (1)
3.3 (1), 4.3 (4), 4.5 (2)
1.3 (3), 2.1 (1), 2.2 (2), 2.5 (1), 3.4 (3), 3.5 (2)
1.4 (4), 4.5 (4)
1.1 (1)
1.1 (1)
4.5 (1)
4.4 (4), 4.5 (1)
1.4 (1)
4.4 (3), 4.5 (2)
3.1 (1), 4.2 (1), 4.4 (2)
1.2 (1), 2.1 (4)
2.2 (4)
stamp 2.4 (1)
stamps 2.4 (2), 2.5 (2)
standing 2.1 (1), 2.2 (1)
staying 3.2 (2), 4.3 (1)
still 4.3 (8)
stir 4.4 (2), 4.5 (2)
stirring 4.4 (6)
stirs 4.4 (1)
stop 3.4 (5), 4.3 (2)
stoplight 3.4 (6)
stopped 3.4 (1)
stopping 3.4 (2)
store 2.2 (2), 2.4 (2), 3.1 (7), 3.5 (2),
4.1 (2), 4.2 (1), 4.4 (1) stove 2.3 (2), 3.2 (1), 4.4 (1)
straight 1.2 (1), 3.4 (2), 4.1 (1), 4.2 (5) street 3.2 (1), 3.3 (1), 3.4 (3)
Street 1.2 (4)
student 3.1 (2)
students 1.4 (1), 2.2 (3)
study 2.3 (1)
studying 2.1 (1), 2.3 (3), 2.5 (1), 3.2 (2),
4.3 (5), 4.5 (4) stuffed 3.3 (4)
sugar 4.4 (1)
suit 2.1 (1), 4.1 (3), 4.5 (1)
suitcase 3.2 (1)
suitcases 1.1 (1)
suits 2.2 (1)
Sunday 2.2 (1)
surprise 3.3 (3)
surprised 3.3 (3)
sweater 3.2 (1), 4.1 (1), 4.2 (3), 4.3 (2) swim 4.3 (2)
swimming 1.4 (1)
swollen 4.3 (4)
table 1.4 (6), 1.5 (1)
take 1.2 (5), 1.3 (2), 2.1 (2), 2.2 (1),
2.3 (2), 2.5 (1), 3.2 (1), 4.2 (1),
4.3 (1)
taken 1.3 (2), 2.2 (1), 2.3 (1), 2.5 (1)
taking 1.1 (3), 2.3 (2), 3.2 (2), 4.1 (5) talking 1.2 (2), 2.1 (2), 2.2 (3), 3.1 (2) Tan 2.2 (1)
Tanaka 2.1 (1)
taste 1.4 (4), 1.5 (2) tastes 1.4 (4), 1.5 (2) tasting 2.1 (2)
taught 1.3 (2), 2.1 (1) taxi 3.3 (1), 3.4 (1) tea 4.4 (1)
teach 1.1 (1)
52
teacher 1.4 (1), 2.2 (1), 2.4 (3), 3.1 (1) teachers 3.1 (1)
teaching 2.1 (2), 4.1 (2), 4.2 (1)
team 1.3 (3), 2.1 (8), 2.2 (1), 2.3 (1) tearing 4.1 (2)
television 1.3 (1), 2.1 (4), 2.3 (2), 3.1 (1), 3.2 (2), 4.1 (1), 4.3 (1), 4.4 (1)
temperature 2.3 (1), 4.3 (2)
temple 1.1 (1), 1.2 (2)
ten 1.1 (1), 1.3 (2), 2.4 (1), 2.5 (1) tennis 2.1 (1), 4.1 (1)
tent 2.3 (1)
tenth 1.5 (2)
than 1.1 (2), 1.2 (1), 4.4 (1)
thank 1.1 (1), 1.4 (7), 1.5 (2), 2.1 (3),
2.2 (2), 2.3 (1), 2.4 (1), 2.5 (2), 3.1 (3), 3.2 (1), 3.3 (2), 3.4 (1), 4.1 (3), 4.2 (1), 4.3 (5), 4.4 (1), 4.5 (4)
that 1.1 (12), 1.2 (1), 1.3 (2), 1.4 (1), 1.5 (4), 2.1 (2), 2.2 (4), 2.3 (3), 2.5 (4), 3.1 (2), 3.3 (9), 3.4 (2), 3.5 (9), 4.1 (3), 4.2 (6), 4.3 (6),
4.4 (1)
that’s 2.2 (1), 2.5 (1), 3.1 (1), 4.3 (1),
4.5 (1)
the 1.1 (50), 1.2 (44), 1.3 (31), 1.4 (31),
1.5 (26), 2.1 (52), 2.2 (39), 2.3 (40), 2.4 (54), 2.5 (3), 3.1 (64), 3.2 (57), 3.3 (43), 3.4 (66), 3.5 (28), 4.1 (41), 4.2 (23), 4.3 (11), 4.4 (57), 4.5 (9)
theater 1.1 (1), 2.3 (1), 3.4 (1)
their 1.4 (3), 2.2 (4), 2.4 (1), 3.1 (2),
3.3 (5), 4.1 (2), 4.2 (2)
them 2.2 (1), 2.5 (1), 3.3 (2), 4.1 (1),
4.2 (2), 4.3 (1), 4.4 (2)
then 2.1 (4), 2.3 (1), 2.4 (1), 3.1 (1),
4.2 (1), 4.4 (2), 4.5 (1)
there 1.3 (1), 1.5 (2), 2.2 (1), 3.1 (1),
3.4 (5), 3.5 (2), 4.2 (1)
there’s 2.2 (2), 3.2 (4), 3.4 (5), 3.5 (2),
4.1 (1) thermometer 2.3 (1)
these 1.1 (5), 1.2 (2), 2.1 (1), 2.2 (7), 2.3 (1), 2.5 (2), 3.1 (2), 3.3 (2),
4.1 (2), 4.2 (12)
they 1.2 (1), 2.2 (3), 3.1 (3), 3.2 (3),
3.3 (4), 4.1 (3), 4.2 (1), 4.3 (3),
4.4 (3)
they’ll 2.3 (1), 2.4 (1), 3.3 (1)
they’re 1.1 (1), 1.2 (5), 1.3 (1), 2.1 (1), 2.2 (3), 2.3 (6), 2.4 (2), 3.1 (2),
3.2 (1), 3.3 (7), 3.4 (1), 4.1 (3),
4.4 (2) they’ve 3.2 (1)
think 1.2 (1), 2.3 (1), 2.4 (2), 3.1 (1), 3.5 (4), 4.1 (1), 4.2 (1), 4.3 (5)
thinks 2.1 (1)
third 1.3 (2), 2.2 (3)
thirsty 4.2 (1)
this 1.1 (16), 1.2 (6), 1.3 (21), 1.5 (6),
2.1 (9), 2.2 (18), 2.3 (2), 2.4 (7), 2.5 (6), 3.1 (6), 3.2 (17), 3.3 (9), 3.4 (2), 3.5 (1), 4.1 (9), 4.2 (19), 4.3 (12), 4.4 (4), 4.5 (2)
those 1.1 (1), 1.5 (2), 2.5 (2), 3.1 (2), 3.3 (1)
thought 1.3 (1), 4.3 (1)
thousand 1.1 (2)
three 1.4 (1), 2.3 (1), 4.3 (4), 4.4 (2) through 3.4 (4)
throw 2.1 (1), 2.3 (1), 3.3 (1), 3.4 (1) throwing 2.1 (1)
tickets 1.1 (1)
tie 2.4 (1), 4.1 (1), 4.2 (1)
tiger 3.3 (1)
Tigers 1.3 (1)
time 2.2 (3), 4.4 (1)
times 1.3 (1), 4.4 (1)
tip 1.4 (3)
tire 3.4 (9), 3.5 (1)
tired 2.1 (1), 3.2 (2), 4.2 (1)
tires 3.4 (3)
to 1.1 (26), 1.2 (20), 1.3 (23), 1.4 (34),
1.5 (12), 2.1 (23), 2.2 (19), 2.3 (6), 2.4 (29), 2.5 (3), 3.1 (32), 3.2 (25), 3.3 (22), 3.4 (8), 3.5 (8), 4.1 (17), 4.2 (14), 4.3 (25), 4.4 (16), 4.5 (5)
today 1.1 (8), 1.2 (1), 1.3 (2), 1.5 (5), 2.1 (3), 2.2 (3), 2.4 (1), 2.5 (1), 3.3 (1), 3.4 (2), 3.5 (2), 4.1 (1),
4.2 (1), 4.3 (3), 4.4 (2) together 2.1 (6), 2.2 (1), 3.4 (1)
tomato 2.3 (1), 4.4 (1)
tomatoes 1.4 (2), 3.1 (1), 4.4 (1) tomorrow 2.1 (2), 2.2 (2), 2.4 (1), 3.2 (1),
4.3 (1)
tonight 2.1 (2), 2.2 (1), 2.4 (1), 4.1 (1),
4.2 (2), 4.4 (1), 4.5 (2)
too 1.2 (1), 1.3 (2), 2.3 (1), 2.4 (1),
2.5 (1), 3.5 (1), 4.1 (1), 4.2 (3) took 1.3 (1), 2.5 (1), 3.1 (1), 3.4 (1),
4.1 (3)
tore 4.1 (3), 4.5 (1)
53
torn touching tour tourists
tours toward towel towels toy
toys trail train
trash travel traveled traveling travels tree tried trunk
try
trying Tuesday Tuesdays tunnel turn
turned turning twelfth twelve twentieth twenty
two
type
ugly
umbrella umbrellas unbuttoned under
United Kingdom United States unlocked
until unzip up
4.1 (3)
2.1 (2)
1.1 (14), 1.4 (1), 1.5 (3)
1.1 (12), 1.2 (2), 1.3 (1), 1.4 (1),
2.1 (1), 2.2 (1), 3.4 (1)
1.1 (2), 1.5 (1)
3.4 (4), 3.5 (1)
3.1 (1)
3.1 (1), 3.3 (2), 4.1 (2), 4.2 (1)
1.3 (1), 2.2 (1), 2.3 (1), 3.3 (4),
3.5 (2)
3.3 (1)
1.2 (6)
1.1 (1), 2.1 (2), 2.2 (1), 3.4 (1),
4.1 (1)
3.1 (1), 3.2 (2)
2.3 (1)
1.1 (2), 4.4 (1)
1.1 (10), 2.1 (3), 4.1 (1), 4.3 (1)
1.1 (1)
2.4 (2)
2.4 (4), 3.3 (2)
3.4 (5)
4.1 (1)
2.4 (3), 3.1 (2), 4.1 (1), 4.2 (1)
1.2 (2), 4.3 (1)
1.1 (1), 4.3 (1)
3.4 (10)
1.2 (3), 2.3 (7), 3.2 (1), 3.3 (1),
3.4 (6), 4.1 (3)
2.3 (4)
2.3 (4), 3.4 (1)
2.2 (1)
1.1 (1), 1.2 (1), 2.3 (1), 3.3 (1)
1.3 (6)
1.1 (2), 1.3 (3), 2.1 (1), 3.2 (1),
4.2 (1)
1.1 (2), 1.2 (3), 1.3 (1), 1.4 (1),
1.5 (1), 2.2 (1), 2.3 (1), 3.3 (1),
4.2 (1), 4.3 (2), 4.4 (2)
1.3 (4), 3.1 (1), 4.2 (1)
3.2 (1)
2.1 (1), 3.3 (1)
3.1 (1)
4.2 (1)
1.1 (2), 3.1 (5), 3.5 (2)
4.2 (1), 4.4 (1)
1.1 (1), 3.2 (2), 3.5 (3), 4.2 (1)
3.2 (6), 3.5 (1)
3.2 (8), 3.3 (1), 4.1 (1), 4.3 (1)
4.2 (1)
2.2 (1), 2.4 (5), 3.3 (7), 3.4 (1), 4.1 (1)
us 1.5 (1), 3.1 (1), 3.2 (1), 3.5 (2) use 1.1 (1), 2.1 (2), 2.2 (1), 3.2 (2),
4.4 (1)
used 3.2 (1), 4.1 (2), 4.3 (1)
uses 2.3 (1), 3.2 (2)
using 3.2 (1), 3.3 (1), 4.3 (1), 4.4 (1) vacation 2.2 (2), 2.4 (2), 2.5 (1), 3.2 (1),
4.4 (1) vacuuming 2.1 (1)
van 2.4 (6), 2.5 (1) vegetable 1.4 (1), 4.5 (1) vegetables 3.4 (1), 4.4 (11) vegetarian 4.4 (8), 4.5 (3) vegetarians 4.4 (2)
very 1.1 (2), 1.2 (3), 1.3 (1), 1.4 (2), 1.5 (3), 2.1 (1), 3.1 (1), 3.2 (2),
4.1 (1), 4.3 (2), 4.4 (1), 4.5 (2) video 3.3 (4), 4.3 (1)
violins 4.2 (1)
visit 1.1 (3), 1.5 (1), 3.1 (1), 4.3 (2) visited 1.1 (1), 4.1 (1)
visiting 1.1 (1), 3.1 (1)
volcano 2.3 (2), 2.5 (1)
wait 3.2 (1), 4.1 (1)
waiting 2.2 (2), 3.1 (1), 4.1 (1)
waitress 3.2 (1)
walk 1.1 (1), 1.5 (1), 4.3 (2)
walking 2.2 (1), 3.4 (3), 3.5 (1), 4.1 (2),
4.3 (1)
wall 3.1 (2), 3.2 (1)
wallet 4.1 (3), 4.2 (1), 4.5 (1)
want 1.2 (8), 1.3 (3), 2.1 (3), 3.1 (2),
3.2 (2), 3.5 (1), 4.4 (1) wanted 2.1 (1)
was 1.1 (1), 1.3 (14), 1.5 (9), 2.1 (10), 2.2 (13), 2.3 (1), 2.4 (1), 2.5 (2), 3.1 (3), 3.2 (10), 3.3 (1), 3.4 (1), 3.5 (2), 4.1 (16), 4.2 (6), 4.3 (3),
4.4 (1), 4.5 (1) wash 2.1 (1), 4.1 (1) washing 2.2 (1), 4.1 (4) wasn’t 2.4 (1), 3.3 (1)
watch 1.3 (1), 2.1 (2), 3.1 (1), 3.2 (1), 4.2 (1)
watched 3.1 (1), 3.2 (1)
watches 2.2 (1), 4.1 (1)
watching 1.3 (3), 3.1 (1), 3.2 (1), 4.1 (2),
4.3 (1)
water 1.4 (4), 2.1 (1), 2.3 (1), 2.4 (2),
3.2 (1), 3.4 (1), 4.4 (1) waterfall 2.3 (3), 2.5 (2)
waterfalls 2.5 (3)
54
we 1.1 (6), 1.2 (2), 1.3 (2), 1.4 (4), 1.5 (5), 2.1 (3), 2.2 (1), 2.3 (3), 3.1 (5), 3.2 (8), 3.3 (4), 3.4 (6), 3.5 (5), 4.1 (5), 4.3 (1), 4.4 (6),
4.5 (4)
we’ll 2.1 (2), 2.3 (2), 2.4 (1), 3.1 (1),
3.5 (1), 4.1 (1), 4.4 (3), 4.5 (1) we’re 1.1 (2), 1.2 (2), 1.3 (1), 2.1 (1), 2.3 (2), 2.4 (1), 3.1 (1), 3.3 (1), 3.4 (1), 3.5 (3), 4.2 (1), 4.4 (2),
4.5 (1)
we’ve 2.3 (1), 4.4 (1), 4.5 (1)
wear 3.2 (1), 3.3 (1), 4.1 (6), 4.2 (3) wearing 1.2 (1), 2.1 (2), 2.3 (1), 3.3 (1),
4.1 (1), 4.2 (7), 4.3 (1) wears 4.1 (1)
website 1.1 (4)
wedding 4.1 (1)
Wednesday 2.2 (1)
week 2.1 (1), 2.4 (1), 2.5 (1), 3.1 (2),
4.1 (1) weeks 4.3 (3) weighing 4.4 (1)
welcome 1.1 (1), 2.1 (3), 2.2 (1), 2.5 (1), 4.1 (1)
well 4.3 (12), 4.4 (1), 4.5 (2)
went 1.2 (3), 1.3 (1), 3.1 (4), 4.1 (1),
4.3 (1)
were 1.3 (1), 2.2 (2), 3.1 (2), 3.2 (3),
3.3 (2), 4.1 (3), 4.2 (4), 4.4 (1) wet 2.3 (1)
what 1.1 (4), 1.2 (1), 1.3 (3), 1.4 (6), 1.5 (8), 2.2 (3), 2.3 (2), 2.4 (1), 2.5 (1), 3.3 (4), 3.4 (2), 4.1 (2),
4.3 (1), 4.5 (2)
what’s 1.3 (2), 1.4 (1), 2.1 (1), 2.3 (2),
2.4 (8), 2.5 (2), 3.1 (3), 3.3 (3),
4.3 (4)
when 1.1 (2), 1.2 (1), 1.3 (3), 2.1 (4),
2.3 (1), 2.4 (2), 2.5 (5), 3.1 (5), 3.2 (3), 3.3 (2), 3.4 (2), 4.1 (12), 4.3 (7), 4.4 (1)
where 1.1 (1), 1.2 (1), 1.4 (2), 1.5 (1), 2.1 (1), 2.2 (3), 2.4 (2), 2.5 (3),
3.2 (1), 3.5 (1), 4.4 (2) where’s 3.4 (2), 4.4 (1), 4.5 (1) which 3.2 (1), 3.3 (4), 4.2 (1)
while 2.5 (1), 4.1 (14), 4.4 (2), 4.5 (1) white 3.2 (1), 4.1 (2), 4.2 (1)
who 2.1 (2), 2.2 (1), 3.1 (1), 3.5 (1),
4.3 (1) who’s 3.1 (1)
why 1.1 (2), 3.1 (1), 3.5 (3), 4.3 (2), 4.4 (2), 4.5 (1)
wife 2.4 (1), 2.5 (1), 3.1 (2), 4.3 (1) will 1.2 (2), 1.3 (2), 2.1 (3), 2.2 (1),
2.3 (1), 2.4 (3), 2.5 (3), 3.2 (4), 3.3 (2), 3.5 (2), 4.1 (2), 4.3 (2), 4.4 (2), 4.5 (1)
win 2.1 (6)
window 2.1 (1), 3.1 (3), 3.4 (1)
windows 1.4 (1)
winning 2.1 (1)
winter 2.1 (1)
wire 3.2 (3)
wires 3.2 (4), 3.5 (3)
with 1.2 (2), 1.3 (1), 1.4 (16), 1.5 (2),
2.2 (11), 2.3 (2), 2.5 (2), 3.1 (3),
3.2 (3), 3.3 (11), 3.4 (5), 3.5 (1),
4.1 (1), 4.2 (4), 4.3 (4), 4.4 (6), 4.5 (1)
without 1.4 (7), 3.2 (2), 4.4 (1)
woke 3.3 (1)
woman 2.1 (1), 2.2 (2), 2.4 (1), 3.1 (1),
3.4 (1), 4.4 (1) women 2.2 (1), 4.2 (2) won 2.1 (5), 3.1 (1)
won’t 2.1 (4), 3.3 (1), 3.4 (2), 3.5 (1) wood 4.2 (1)
woods 1.2 (2), 2.3 (2)
wool 4.2 (3), 4.3 (2)
words 1.4 (1)
wore 3.3 (1), 4.1 (2)
work 2.1 (1), 2.2 (1), 2.3 (1), 2.4 (1),
2.5 (1), 3.2 (2), 4.1 (4), 4.2 (2),
4.3 (3)
worker 2.4 (14), 2.5 (2)
working 3.1 (1), 3.2 (1), 4.3 (1)
works 1.1 (2), 1.3 (1), 2.2 (1), 2.4 (1) worn 4.2 (1)
worried 3.3 (7), 3.5 (1), 4.3 (2)
worry 3.3 (4), 3.5 (1)
would 1.1 (1), 1.3 (1), 1.4 (30), 1.5 (11),
2.2 (5), 2.5 (1), 3.2 (1), 3.5 (3),
4.1 (1), 4.2 (2), 4.4 (1) wouldn’t 3.1 (1)
wrenches 3.1 (3)
writing 2.4 (3)
written 2.2 (2)
wrong 2.4 (3), 3.3 (1), 3.4 (1) wrote 1.3 (1)
year 2.2 (1), 2.5 (1), 3.1 (1), 3.5 (1), 4.1 (1), 4.4 (1)
years 1.1 (2), 1.3 (4), 2.1 (1), 2.3 (1),
4.2 (1), 4.3 (2), 4.4 (2)
55
yellow 1.3 (1), 2.1 (2)
yes 1.1 (1), 1.2 (1), 1.4 (5), 1.5 (7),
2.1 (5), 2.2 (4), 2.4 (3), 2.5 (6), 3.1 (5), 3.2 (3), 3.3 (1), 3.4 (1), 3.5 (11), 4.2 (1), 4.3 (3), 4.4 (1), 4.5 (6)
yesterday 1.1 (1), 1.3 (1), 3.1 (2), 3.2 (1), 3.3 (1), 4.3 (2)
you 1.1 (11), 1.2 (6), 1.3 (11), 1.4 (25), 1.5 (14), 2.1 (18), 2.2 (15), 2.3 (4), 2.4 (10), 2.5 (13), 3.1 (12), 3.2 (5), 3.3 (17), 3.4 (8), 3.5 (10), 4.1 (13),
4.2 (9), 4.3 (27), 4.4 (7), 4.5 (15)
you’ll 3.3 (1), 3.5 (1)
you’re 2.1 (1), 2.2 (1), 2.4 (1), 2.5 (1),
3.1 (1), 3.5 (1), 4.1 (1) young 2.1 (2), 3.2 (1)
your 1.1 (1), 1.2 (1), 1.3 (4), 1.4 (5), 1.5 (4), 2.1 (3), 2.2 (2), 2.3 (3),
2.4 (15), 2.5 (1), 3.1 (6), 3.3 (4), 3.4 (5), 4.1 (5), 4.2 (3), 4.3 (5), 4.4 (4), 4.5 (2)
yours 3.1 (1) zip 4.2 (3) zipping 4.2 (4) zoo 1.1 (1)
